4.120900000000000000e+04
8.730700000000000000e+04
6.378100000000000000e+04
4.417800000000000000e+04
1.034800000000000000e+04
8.543900000000000000e+04
5.173100000000000000e+04
7.784800000000000000e+04
2.435000000000000000e+03
6.710700000000000000e+04
3.801000000000000000e+03
5.078800000000000000e+04
5.121000000000000000e+03
8.651500000000000000e+04
4.172800000000000000e+04
6.717700000000000000e+04
5.465300000000000000e+04
3.661300000000000000e+04
2.193000000000000000e+04
8.046900000000000000e+04
5.066800000000000000e+04
6.475100000000000000e+04
6.998900000000000000e+04
2.107000000000000000e+03
7.882500000000000000e+04
6.956800000000000000e+04
2.555000000000000000e+03
7.645500000000000000e+04
5.125900000000000000e+04
2.810100000000000000e+04
7.002900000000000000e+04
8.656400000000000000e+04
1.751600000000000000e+04
5.896300000000000000e+04
4.506200000000000000e+04
7.920900000000000000e+04
5.760800000000000000e+04
6.184300000000000000e+04
2.045400000000000000e+04
7.267600000000000000e+04
1.810500000000000000e+04
8.396500000000000000e+04
5.007000000000000000e+03
1.349700000000000000e+04
6.002600000000000000e+04
7.120500000000000000e+04
1.610700000000000000e+04
6.146400000000000000e+04
4.183300000000000000e+04
3.188600000000000000e+04
8.616000000000000000e+03
6.336000000000000000e+04
3.769500000000000000e+04
5.111000000000000000e+04
1.615000000000000000e+03
3.819200000000000000e+04
8.356400000000000000e+04
2.056100000000000000e+04
4.662400000000000000e+04
4.023300000000000000e+04
7.800600000000000000e+04
2.899300000000000000e+04
6.270600000000000000e+04
2.372900000000000000e+04
7.046000000000000000e+04
7.201400000000000000e+04
2.514100000000000000e+04
4.006600000000000000e+04
7.185600000000000000e+04
4.497700000000000000e+04
6.990800000000000000e+04
7.670800000000000000e+04
8.668500000000000000e+04
8.594400000000000000e+04
8.058400000000000000e+04
6.318500000000000000e+04
4.619300000000000000e+04
4.064600000000000000e+04
5.709100000000000000e+04
5.529500000000000000e+04
8.464700000000000000e+04
6.439600000000000000e+04
8.702900000000000000e+04
8.156900000000000000e+04
4.122400000000000000e+04
7.277000000000000000e+04
2.467700000000000000e+04
4.511600000000000000e+04
5.280800000000000000e+04
8.821200000000000000e+04
1.065700000000000000e+04
2.950400000000000000e+04
2.274000000000000000e+03
5.274800000000000000e+04
8.669700000000000000e+04
6.451400000000000000e+04
6.702000000000000000e+04
7.429100000000000000e+04
6.386600000000000000e+04
7.887600000000000000e+04
7.274200000000000000e+04
8.076100000000000000e+04
4.476000000000000000e+03
8.054600000000000000e+04
6.011000000000000000e+04
6.950600000000000000e+04
6.373800000000000000e+04
7.541000000000000000e+03
5.923000000000000000e+03
2.848000000000000000e+04
8.282800000000000000e+04
3.225700000000000000e+04
3.189300000000000000e+04
7.691900000000000000e+04
8.702400000000000000e+04
4.576100000000000000e+04
5.825200000000000000e+04
2.495400000000000000e+04
5.977100000000000000e+04
2.105800000000000000e+04
6.066000000000000000e+04
6.263100000000000000e+04
3.474200000000000000e+04
7.427300000000000000e+04
3.391500000000000000e+04
3.380200000000000000e+04
2.509500000000000000e+04
7.859600000000000000e+04
2.660600000000000000e+04
8.890700000000000000e+04
6.426200000000000000e+04
5.754300000000000000e+04
5.346500000000000000e+04
8.709000000000000000e+03
4.786300000000000000e+04
7.918100000000000000e+04
5.095700000000000000e+04
3.911600000000000000e+04
7.691000000000000000e+03
7.313000000000000000e+04
7.955600000000000000e+04
6.733300000000000000e+04
1.939100000000000000e+04
3.318900000000000000e+04
6.834000000000000000e+03
3.983900000000000000e+04
8.388000000000000000e+04
7.166000000000000000e+04
5.861700000000000000e+04
8.371300000000000000e+04
7.951700000000000000e+04
6.031400000000000000e+04
5.229200000000000000e+04
6.855500000000000000e+04
1.440400000000000000e+04
1.790200000000000000e+04
7.785600000000000000e+04
3.432900000000000000e+04
7.624700000000000000e+04
8.748200000000000000e+04
6.293800000000000000e+04
1.872500000000000000e+04
5.954000000000000000e+04
7.592100000000000000e+04
8.833600000000000000e+04
4.968300000000000000e+04
5.654600000000000000e+04
8.308000000000000000e+04
5.313800000000000000e+04
5.250900000000000000e+04
5.500800000000000000e+04
7.552800000000000000e+04
8.919700000000000000e+04
7.838000000000000000e+04
2.393000000000000000e+04
1.704400000000000000e+04
7.628400000000000000e+04
5.089000000000000000e+03
7.703800000000000000e+04
7.301100000000000000e+04
6.570000000000000000e+02
4.778600000000000000e+04
1.984900000000000000e+04
5.531600000000000000e+04
4.886900000000000000e+04
1.800600000000000000e+04
6.753100000000000000e+04
7.720300000000000000e+04
4.218100000000000000e+04
8.064600000000000000e+04
8.532600000000000000e+04
5.994400000000000000e+04
4.701400000000000000e+04
2.119300000000000000e+04
8.348800000000000000e+04
7.180000000000000000e+03
1.392600000000000000e+04
3.220700000000000000e+04
7.986000000000000000e+04
8.557200000000000000e+04
2.575200000000000000e+04
5.242000000000000000e+04
8.444200000000000000e+04
6.307500000000000000e+04
8.392900000000000000e+04
7.452900000000000000e+04
2.338500000000000000e+04
1.763800000000000000e+04
1.464900000000000000e+04
6.446000000000000000e+04
2.920600000000000000e+04
5.593700000000000000e+04
6.144100000000000000e+04
3.858000000000000000e+04
1.502700000000000000e+04
4.609900000000000000e+04
6.730700000000000000e+04
5.957000000000000000e+04
5.603100000000000000e+04
7.837800000000000000e+04
5.620000000000000000e+03
4.516400000000000000e+04
7.712800000000000000e+04
5.780500000000000000e+04
1.303300000000000000e+04
4.572800000000000000e+04
1.778000000000000000e+04
1.380700000000000000e+04
1.318000000000000000e+04
2.154000000000000000e+03
3.341200000000000000e+04
2.314300000000000000e+04
5.660500000000000000e+04
3.407700000000000000e+04
2.402900000000000000e+04
5.337400000000000000e+04
1.793100000000000000e+04
7.446700000000000000e+04
3.392900000000000000e+04
5.987600000000000000e+04
2.849700000000000000e+04
3.157000000000000000e+04
7.713000000000000000e+04
5.643000000000000000e+04
7.751000000000000000e+03
2.436700000000000000e+04
4.416200000000000000e+04
3.265400000000000000e+04
3.525900000000000000e+04
5.111600000000000000e+04
6.928500000000000000e+04
1.566600000000000000e+04
4.916900000000000000e+04
2.502900000000000000e+04
3.566400000000000000e+04
6.417900000000000000e+04
4.959000000000000000e+03
8.066500000000000000e+04
6.097900000000000000e+04
2.163100000000000000e+04
7.166200000000000000e+04
5.500500000000000000e+04
7.386900000000000000e+04
5.963700000000000000e+04
4.634500000000000000e+04
2.425800000000000000e+04
1.609600000000000000e+04
8.632100000000000000e+04
6.051000000000000000e+04
7.657100000000000000e+04
5.773000000000000000e+04
6.292600000000000000e+04
3.212600000000000000e+04
1.696700000000000000e+04
8.640400000000000000e+04
7.564800000000000000e+04
5.092000000000000000e+03
3.530600000000000000e+04
4.534800000000000000e+04
2.147400000000000000e+04
7.969200000000000000e+04
5.065600000000000000e+04
6.725000000000000000e+04
2.976200000000000000e+04
8.497600000000000000e+04
1.388700000000000000e+04
8.466400000000000000e+04
5.311800000000000000e+04
5.619300000000000000e+04
5.208500000000000000e+04
4.499600000000000000e+04
5.629800000000000000e+04
8.335300000000000000e+04
2.154000000000000000e+04
8.158800000000000000e+04
8.423300000000000000e+04
3.313600000000000000e+04
1.024500000000000000e+04
3.162600000000000000e+04
7.221000000000000000e+03
3.114400000000000000e+04
3.593900000000000000e+04
6.887000000000000000e+04
4.950600000000000000e+04
6.218400000000000000e+04
6.695900000000000000e+04
5.198200000000000000e+04
7.570400000000000000e+04
6.974200000000000000e+04
8.089400000000000000e+04
4.164400000000000000e+04
4.141800000000000000e+04
7.867500000000000000e+04
5.114800000000000000e+04
7.939300000000000000e+04
4.026100000000000000e+04
6.462000000000000000e+03
2.299800000000000000e+04
1.823800000000000000e+04
5.793500000000000000e+04
7.378400000000000000e+04
8.695900000000000000e+04
7.759000000000000000e+04
2.923700000000000000e+04
8.746700000000000000e+04
8.746400000000000000e+04
3.680200000000000000e+04
8.358200000000000000e+04
7.245500000000000000e+04
1.681700000000000000e+04
2.658000000000000000e+04
7.589000000000000000e+03
4.592900000000000000e+04
4.025000000000000000e+04
3.837900000000000000e+04
6.431100000000000000e+04
5.686500000000000000e+04
5.033100000000000000e+04
1.202900000000000000e+04
5.712000000000000000e+04
6.363200000000000000e+04
5.698200000000000000e+04
8.361900000000000000e+04
4.220200000000000000e+04
5.641400000000000000e+04
8.442000000000000000e+03
7.388800000000000000e+04
3.960500000000000000e+04
4.931400000000000000e+04
4.197900000000000000e+04
7.312800000000000000e+04
1.684800000000000000e+04
7.726800000000000000e+04
2.165500000000000000e+04
3.259000000000000000e+04
1.411300000000000000e+04
5.153500000000000000e+04
6.432700000000000000e+04
3.468800000000000000e+04
6.145400000000000000e+04
8.300700000000000000e+04
8.681200000000000000e+04
7.954700000000000000e+04
3.795600000000000000e+04
5.031100000000000000e+04
7.363900000000000000e+04
6.368100000000000000e+04
3.449500000000000000e+04
5.113600000000000000e+04
2.812900000000000000e+04
3.391300000000000000e+04
8.234100000000000000e+04
2.657600000000000000e+04
7.470200000000000000e+04
5.358900000000000000e+04
2.920700000000000000e+04
4.759000000000000000e+04
7.413000000000000000e+03
4.032300000000000000e+04
1.203700000000000000e+04
5.560500000000000000e+04
8.260100000000000000e+04
8.439300000000000000e+04
6.825100000000000000e+04
3.465000000000000000e+03
7.534400000000000000e+04
2.329600000000000000e+04
8.900200000000000000e+04
1.490400000000000000e+04
4.093200000000000000e+04
4.506700000000000000e+04
5.542100000000000000e+04
8.334300000000000000e+04
7.853300000000000000e+04
1.422300000000000000e+04
1.290500000000000000e+04
6.271800000000000000e+04
5.392600000000000000e+04
5.373800000000000000e+04
9.790000000000000000e+02
2.004900000000000000e+04
5.921100000000000000e+04
5.009600000000000000e+04
3.244100000000000000e+04
1.550100000000000000e+04
6.251500000000000000e+04
4.691500000000000000e+04
1.698700000000000000e+04
8.211000000000000000e+03
4.771000000000000000e+04
6.276900000000000000e+04
9.486000000000000000e+03
8.447200000000000000e+04
6.941900000000000000e+04
7.288100000000000000e+04
5.217100000000000000e+04
6.225800000000000000e+04
8.468700000000000000e+04
2.938800000000000000e+04
8.909200000000000000e+04
7.142600000000000000e+04
1.073000000000000000e+04
1.401700000000000000e+04
3.852000000000000000e+04
5.565400000000000000e+04
8.150400000000000000e+04
7.164600000000000000e+04
5.161600000000000000e+04
2.262400000000000000e+04
8.869500000000000000e+04
7.289000000000000000e+04
2.237900000000000000e+04
3.680100000000000000e+04
8.133200000000000000e+04
5.095100000000000000e+04
3.610000000000000000e+02
2.081200000000000000e+04
8.678500000000000000e+04
5.868600000000000000e+04
6.972200000000000000e+04
3.726000000000000000e+03
5.369200000000000000e+04
4.665400000000000000e+04
3.730700000000000000e+04
7.547100000000000000e+04
8.270000000000000000e+04
7.286900000000000000e+04
5.629500000000000000e+04
4.230800000000000000e+04
3.667200000000000000e+04
6.029100000000000000e+04
5.102200000000000000e+04
2.415800000000000000e+04
8.176100000000000000e+04
4.422300000000000000e+04
7.168300000000000000e+04
6.987300000000000000e+04
2.051700000000000000e+04
6.331700000000000000e+04
6.096000000000000000e+03
4.839000000000000000e+04
3.561900000000000000e+04
7.508600000000000000e+04
7.536900000000000000e+04
8.707100000000000000e+04
7.553900000000000000e+04
1.943600000000000000e+04
6.111200000000000000e+04
8.783300000000000000e+04
4.531200000000000000e+04
7.762000000000000000e+03
2.596300000000000000e+04
8.777100000000000000e+04
3.781400000000000000e+04
4.177100000000000000e+04
7.321400000000000000e+04
5.486400000000000000e+04
8.632700000000000000e+04
5.218600000000000000e+04
7.576200000000000000e+04
6.211000000000000000e+04
7.225300000000000000e+04
6.700600000000000000e+04
7.881000000000000000e+04
3.033400000000000000e+04
5.532900000000000000e+04
4.058900000000000000e+04
8.482100000000000000e+04
6.843600000000000000e+04
7.711000000000000000e+04
4.627100000000000000e+04
8.633700000000000000e+04
7.378900000000000000e+04
8.498800000000000000e+04
6.375500000000000000e+04
3.692000000000000000e+04
3.681000000000000000e+04
2.946000000000000000e+04
6.303300000000000000e+04
4.296700000000000000e+04
5.494300000000000000e+04
3.655500000000000000e+04
8.372000000000000000e+03
5.787800000000000000e+04
6.535600000000000000e+04
8.478900000000000000e+04
3.516400000000000000e+04
5.246400000000000000e+04
7.711200000000000000e+04
3.345100000000000000e+04
5.085600000000000000e+04
3.257500000000000000e+04
5.105300000000000000e+04
8.085100000000000000e+04
7.533400000000000000e+04
3.688200000000000000e+04
6.891400000000000000e+04
7.709900000000000000e+04
5.412600000000000000e+04
2.077400000000000000e+04
5.770900000000000000e+04
6.372100000000000000e+04
5.978900000000000000e+04
7.686200000000000000e+04
3.566600000000000000e+04
6.111000000000000000e+04
3.288700000000000000e+04
5.844500000000000000e+04
8.788100000000000000e+04
2.045500000000000000e+04
7.901800000000000000e+04
4.939000000000000000e+04
6.120300000000000000e+04
3.285900000000000000e+04
3.329800000000000000e+04
2.925400000000000000e+04
8.559400000000000000e+04
1.745000000000000000e+03
7.189000000000000000e+03
5.402900000000000000e+04
7.600100000000000000e+04
6.056600000000000000e+04
7.048700000000000000e+04
1.472100000000000000e+04
1.591200000000000000e+04
7.974800000000000000e+04
8.083200000000000000e+04
8.161400000000000000e+04
6.852000000000000000e+03
5.181700000000000000e+04
8.033100000000000000e+04
1.994700000000000000e+04
3.419800000000000000e+04
1.693600000000000000e+04
6.758600000000000000e+04
7.946500000000000000e+04
3.205900000000000000e+04
3.596200000000000000e+04
8.554700000000000000e+04
7.102900000000000000e+04
2.301000000000000000e+04
4.605700000000000000e+04
8.698700000000000000e+04
5.736500000000000000e+04
6.091700000000000000e+04
5.410000000000000000e+04
7.243000000000000000e+04
7.526500000000000000e+04
3.609800000000000000e+04
7.672200000000000000e+04
7.483800000000000000e+04
2.776900000000000000e+04
5.077200000000000000e+04
2.277400000000000000e+04
6.357100000000000000e+04
6.990000000000000000e+03
8.159800000000000000e+04
8.603000000000000000e+04
1.961300000000000000e+04
5.680100000000000000e+04
8.144200000000000000e+04
2.847100000000000000e+04
6.523000000000000000e+04
1.392700000000000000e+04
6.252500000000000000e+04
1.800400000000000000e+04
2.280900000000000000e+04
3.861600000000000000e+04
3.764500000000000000e+04
8.020400000000000000e+04
8.617800000000000000e+04
4.069500000000000000e+04
2.106100000000000000e+04
8.127000000000000000e+04
3.423400000000000000e+04
1.483800000000000000e+04
1.849600000000000000e+04
7.443200000000000000e+04
2.767800000000000000e+04
6.003900000000000000e+04
7.595800000000000000e+04
1.160000000000000000e+04
4.369400000000000000e+04
5.173500000000000000e+04
8.102500000000000000e+04
3.032000000000000000e+04
2.893200000000000000e+04
3.273500000000000000e+04
3.324600000000000000e+04
2.587300000000000000e+04
3.335200000000000000e+04
4.642000000000000000e+04
6.598500000000000000e+04
4.474600000000000000e+04
6.786500000000000000e+04
1.117300000000000000e+04
2.736200000000000000e+04
3.195200000000000000e+04
2.361900000000000000e+04
7.068100000000000000e+04
1.124400000000000000e+04
5.914800000000000000e+04
2.471900000000000000e+04
5.416500000000000000e+04
8.677700000000000000e+04
3.155000000000000000e+04
1.642900000000000000e+04
8.014400000000000000e+04
7.366600000000000000e+04
6.594600000000000000e+04
6.857800000000000000e+04
7.587200000000000000e+04
5.115900000000000000e+04
1.656400000000000000e+04
7.546700000000000000e+04
1.932700000000000000e+04
3.506700000000000000e+04
7.483300000000000000e+04
8.625000000000000000e+04
3.155300000000000000e+04
8.255600000000000000e+04
3.473100000000000000e+04
7.019500000000000000e+04
4.456000000000000000e+04
7.936600000000000000e+04
5.829600000000000000e+04
3.685300000000000000e+04
3.379600000000000000e+04
2.052300000000000000e+04
7.191600000000000000e+04
7.639000000000000000e+04
3.160600000000000000e+04
6.190800000000000000e+04
6.256000000000000000e+04
7.717200000000000000e+04
6.807000000000000000e+04
9.985000000000000000e+03
6.224000000000000000e+03
2.066900000000000000e+04
6.977000000000000000e+04
6.639900000000000000e+04
6.914200000000000000e+04
6.629300000000000000e+04
2.177500000000000000e+04
1.803000000000000000e+04
1.512700000000000000e+04
6.851300000000000000e+04
5.022800000000000000e+04
3.928700000000000000e+04
1.585000000000000000e+04
3.587300000000000000e+04
7.443100000000000000e+04
2.661600000000000000e+04
3.629400000000000000e+04
7.896600000000000000e+04
6.731600000000000000e+04
4.364900000000000000e+04
3.373700000000000000e+04
8.566500000000000000e+04
1.135600000000000000e+04
4.108600000000000000e+04
7.699800000000000000e+04
2.662400000000000000e+04
6.589600000000000000e+04
2.979500000000000000e+04
6.684900000000000000e+04
8.870300000000000000e+04
5.203900000000000000e+04
1.196500000000000000e+04
4.211200000000000000e+04
6.890700000000000000e+04
4.221100000000000000e+04
1.401800000000000000e+04
3.100400000000000000e+04
1.936300000000000000e+04
5.729900000000000000e+04
7.554000000000000000e+03
8.622300000000000000e+04
3.246400000000000000e+04
8.528500000000000000e+04
8.921800000000000000e+04
9.213000000000000000e+03
4.786600000000000000e+04
7.690000000000000000e+03
2.317600000000000000e+04
2.077900000000000000e+04
1.277300000000000000e+04
5.318700000000000000e+04
7.818000000000000000e+04
2.918100000000000000e+04
8.135400000000000000e+04
2.196300000000000000e+04
5.495700000000000000e+04
7.649900000000000000e+04
5.467600000000000000e+04
4.540700000000000000e+04
7.514100000000000000e+04
5.364900000000000000e+04
2.646200000000000000e+04
4.946200000000000000e+04
8.439500000000000000e+04
2.841700000000000000e+04
7.788700000000000000e+04
4.184000000000000000e+04
7.175400000000000000e+04
6.131700000000000000e+04
1.955000000000000000e+03
8.864700000000000000e+04
6.483300000000000000e+04
3.018000000000000000e+04
2.876100000000000000e+04
7.582100000000000000e+04
4.915000000000000000e+04
8.995000000000000000e+03
4.315100000000000000e+04
4.579000000000000000e+03
8.717800000000000000e+04
5.717300000000000000e+04
5.383500000000000000e+04
2.967100000000000000e+04
5.718400000000000000e+04
3.202900000000000000e+04
2.051100000000000000e+04
2.206500000000000000e+04
7.905500000000000000e+04
7.039300000000000000e+04
3.955300000000000000e+04
8.324100000000000000e+04
6.701000000000000000e+03
5.080800000000000000e+04
5.655500000000000000e+04
7.590200000000000000e+04
5.947800000000000000e+04
8.507100000000000000e+04
5.381100000000000000e+04
7.607200000000000000e+04
5.890000000000000000e+03
6.723300000000000000e+04
4.781100000000000000e+04
8.401600000000000000e+04
2.260600000000000000e+04
1.561600000000000000e+04
2.862800000000000000e+04
5.149800000000000000e+04
8.481300000000000000e+04
3.954500000000000000e+04
6.055300000000000000e+04
5.412300000000000000e+04
4.880800000000000000e+04
3.268000000000000000e+04
7.282000000000000000e+04
6.577500000000000000e+04
7.302900000000000000e+04
5.132200000000000000e+04
3.808600000000000000e+04
1.180600000000000000e+04
2.431600000000000000e+04
4.911600000000000000e+04
3.320700000000000000e+04
3.329700000000000000e+04
1.933400000000000000e+04
5.075000000000000000e+03
2.815200000000000000e+04
8.802300000000000000e+04
7.831600000000000000e+04
4.148800000000000000e+04
3.597200000000000000e+04
4.887500000000000000e+04
1.607000000000000000e+04
6.924300000000000000e+04
6.366000000000000000e+03
4.293900000000000000e+04
4.389600000000000000e+04
7.661800000000000000e+04
6.858300000000000000e+04
8.142400000000000000e+04
6.894100000000000000e+04
2.135200000000000000e+04
2.292100000000000000e+04
2.114700000000000000e+04
4.672000000000000000e+03
7.870500000000000000e+04
4.363900000000000000e+04
3.046800000000000000e+04
1.978600000000000000e+04
2.236500000000000000e+04
7.751200000000000000e+04
4.348000000000000000e+03
2.519600000000000000e+04
1.621300000000000000e+04
1.971300000000000000e+04
5.991500000000000000e+04
3.389300000000000000e+04
7.380300000000000000e+04
7.060100000000000000e+04
6.541500000000000000e+04
2.431400000000000000e+04
3.680300000000000000e+04
8.198600000000000000e+04
2.202100000000000000e+04
2.226000000000000000e+03
7.085500000000000000e+04
3.596000000000000000e+04
3.968500000000000000e+04
2.588800000000000000e+04
4.615300000000000000e+04
2.879500000000000000e+04
4.794200000000000000e+04
2.456700000000000000e+04
8.165100000000000000e+04
8.137600000000000000e+04
4.640200000000000000e+04
6.314300000000000000e+04
4.698700000000000000e+04
3.903000000000000000e+03
7.042700000000000000e+04
6.728000000000000000e+04
9.991000000000000000e+03
2.987000000000000000e+04
4.962100000000000000e+04
3.956100000000000000e+04
8.790300000000000000e+04
7.704200000000000000e+04
6.064200000000000000e+04
6.253100000000000000e+04
5.248000000000000000e+04
6.678800000000000000e+04
2.003000000000000000e+03
7.608600000000000000e+04
1.845100000000000000e+04
4.555500000000000000e+04
2.449800000000000000e+04
2.344000000000000000e+04
8.147300000000000000e+04
8.666100000000000000e+04
3.010400000000000000e+04
2.424400000000000000e+04
5.702000000000000000e+04
3.034900000000000000e+04
2.814200000000000000e+04
4.715100000000000000e+04
3.851800000000000000e+04
3.395400000000000000e+04
2.498100000000000000e+04
5.617500000000000000e+04
5.235300000000000000e+04
2.917700000000000000e+04
8.023400000000000000e+04
3.152900000000000000e+04
5.578900000000000000e+04
7.873200000000000000e+04
7.411700000000000000e+04
1.657900000000000000e+04
7.182600000000000000e+04
4.066300000000000000e+04
5.799800000000000000e+04
3.057400000000000000e+04
8.279800000000000000e+04
7.968200000000000000e+04
2.221000000000000000e+03
4.038900000000000000e+04
2.579000000000000000e+04
8.601800000000000000e+04
2.396800000000000000e+04
2.843900000000000000e+04
3.291500000000000000e+04
8.462800000000000000e+04
6.111400000000000000e+04
4.743800000000000000e+04
5.600500000000000000e+04
4.298500000000000000e+04
2.595600000000000000e+04
7.728200000000000000e+04
8.302000000000000000e+04
4.910300000000000000e+04
8.586500000000000000e+04
5.908200000000000000e+04
3.486100000000000000e+04
7.237800000000000000e+04
4.465300000000000000e+04
6.795400000000000000e+04
1.252500000000000000e+04
6.393000000000000000e+03
8.265600000000000000e+04
7.600200000000000000e+04
1.894800000000000000e+04
5.794600000000000000e+04
6.610100000000000000e+04
8.624600000000000000e+04
3.145900000000000000e+04
8.247500000000000000e+04
5.509900000000000000e+04
6.917900000000000000e+04
1.434200000000000000e+04
6.382800000000000000e+04
8.512100000000000000e+04
7.429700000000000000e+04
9.995000000000000000e+03
3.228900000000000000e+04
6.000000000000000000e+04
7.256800000000000000e+04
5.786800000000000000e+04
8.648300000000000000e+04
7.376200000000000000e+04
4.840100000000000000e+04
1.491700000000000000e+04
6.818000000000000000e+04
7.981000000000000000e+04
2.322200000000000000e+04
8.613300000000000000e+04
8.611100000000000000e+04
3.843000000000000000e+04
5.898500000000000000e+04
6.924800000000000000e+04
8.602700000000000000e+04
8.908500000000000000e+04
2.052500000000000000e+04
7.780200000000000000e+04
2.085400000000000000e+04
4.700000000000000000e+01
4.653000000000000000e+03
7.637600000000000000e+04
8.410600000000000000e+04
4.270500000000000000e+04
8.027600000000000000e+04
1.978000000000000000e+03
6.426900000000000000e+04
2.421600000000000000e+04
4.376800000000000000e+04
8.921100000000000000e+04
4.330500000000000000e+04
1.145000000000000000e+04
4.734000000000000000e+04
4.127000000000000000e+04
6.513200000000000000e+04
6.100200000000000000e+04
6.280300000000000000e+04
2.088100000000000000e+04
6.717900000000000000e+04
8.328300000000000000e+04
6.955800000000000000e+04
1.837900000000000000e+04
7.294200000000000000e+04
2.963400000000000000e+04
1.598000000000000000e+04
7.835600000000000000e+04
7.669700000000000000e+04
6.702300000000000000e+04
1.688900000000000000e+04
8.122400000000000000e+04
8.729300000000000000e+04
8.899800000000000000e+04
4.517100000000000000e+04
1.027000000000000000e+04
7.892100000000000000e+04
8.764900000000000000e+04
7.939200000000000000e+04
8.122800000000000000e+04
8.431400000000000000e+04
1.502100000000000000e+04
8.240000000000000000e+04
8.755500000000000000e+04
3.893000000000000000e+04
1.681400000000000000e+04
7.266600000000000000e+04
6.301400000000000000e+04
5.008700000000000000e+04
6.101500000000000000e+04
3.405100000000000000e+04
5.352900000000000000e+04
5.888600000000000000e+04
6.716200000000000000e+04
1.238600000000000000e+04
2.464700000000000000e+04
5.646800000000000000e+04
5.722400000000000000e+04
6.826700000000000000e+04
3.315200000000000000e+04
6.102000000000000000e+03
6.878200000000000000e+04
5.960600000000000000e+04
6.251700000000000000e+04
4.078000000000000000e+04
7.972700000000000000e+04
1.480700000000000000e+04
8.123300000000000000e+04
8.314000000000000000e+03
5.944600000000000000e+04
3.562900000000000000e+04
6.272500000000000000e+04
2.557800000000000000e+04
5.811400000000000000e+04
8.091000000000000000e+04
8.292800000000000000e+04
5.569700000000000000e+04
4.954000000000000000e+04
4.978700000000000000e+04
8.525900000000000000e+04
4.230000000000000000e+04
6.414800000000000000e+04
7.942900000000000000e+04
8.497000000000000000e+03
6.538300000000000000e+04
5.061800000000000000e+04
8.809200000000000000e+04
5.391900000000000000e+04
3.197700000000000000e+04
5.476600000000000000e+04
3.783000000000000000e+03
8.229000000000000000e+03
5.681000000000000000e+04
3.525300000000000000e+04
5.507200000000000000e+04
5.711100000000000000e+04
3.408100000000000000e+04
2.339200000000000000e+04
5.902500000000000000e+04
4.909100000000000000e+04
3.869000000000000000e+03
2.812100000000000000e+04
2.101900000000000000e+04
2.845500000000000000e+04
3.040900000000000000e+04
8.244900000000000000e+04
1.777100000000000000e+04
3.361100000000000000e+04
1.668500000000000000e+04
6.669300000000000000e+04
4.823300000000000000e+04
7.864100000000000000e+04
6.990400000000000000e+04
6.497000000000000000e+04
6.688800000000000000e+04
8.249100000000000000e+04
4.430900000000000000e+04
4.578000000000000000e+04
6.997000000000000000e+03
4.679400000000000000e+04
7.649700000000000000e+04
8.857000000000000000e+04
8.296900000000000000e+04
6.699100000000000000e+04
7.653700000000000000e+04
7.104000000000000000e+04
7.854800000000000000e+04
2.203800000000000000e+04
6.325200000000000000e+04
3.397900000000000000e+04
4.448300000000000000e+04
5.268900000000000000e+04
2.629400000000000000e+04
3.486000000000000000e+03
3.291100000000000000e+04
4.995100000000000000e+04
7.320600000000000000e+04
1.473800000000000000e+04
4.693200000000000000e+04
6.471000000000000000e+03
7.684700000000000000e+04
7.306200000000000000e+04
6.790800000000000000e+04
1.832200000000000000e+04
8.724800000000000000e+04
5.399300000000000000e+04
7.392500000000000000e+04
6.827900000000000000e+04
6.750700000000000000e+04
3.647600000000000000e+04
7.586200000000000000e+04
7.549400000000000000e+04
6.492700000000000000e+04
7.926700000000000000e+04
8.319600000000000000e+04
4.939100000000000000e+04
4.825900000000000000e+04
4.554900000000000000e+04
7.441300000000000000e+04
3.034400000000000000e+04
4.342500000000000000e+04
5.173300000000000000e+04
6.077300000000000000e+04
6.689300000000000000e+04
1.563900000000000000e+04
7.054000000000000000e+04
4.180800000000000000e+04
2.764300000000000000e+04
2.753200000000000000e+04
8.008600000000000000e+04
5.270300000000000000e+04
8.629200000000000000e+04
3.808400000000000000e+04
1.468700000000000000e+04
7.966800000000000000e+04
8.858100000000000000e+04
6.654300000000000000e+04
4.931700000000000000e+04
8.663700000000000000e+04
3.767200000000000000e+04
2.835100000000000000e+04
5.494500000000000000e+04
3.436100000000000000e+04
2.379400000000000000e+04
4.922100000000000000e+04
7.953700000000000000e+04
4.705600000000000000e+04
3.215800000000000000e+04
5.872000000000000000e+04
7.937100000000000000e+04
6.616000000000000000e+04
7.747000000000000000e+04
8.106200000000000000e+04
6.140600000000000000e+04
7.922400000000000000e+04
6.682600000000000000e+04
5.474200000000000000e+04
4.929100000000000000e+04
8.085000000000000000e+03
8.204400000000000000e+04
3.673400000000000000e+04
7.367700000000000000e+04
3.090000000000000000e+04
7.920700000000000000e+04
2.155200000000000000e+04
2.376500000000000000e+04
1.807900000000000000e+04
2.286400000000000000e+04
3.760900000000000000e+04
3.390500000000000000e+04
5.226900000000000000e+04
5.012300000000000000e+04
2.955100000000000000e+04
6.654500000000000000e+04
8.337400000000000000e+04
2.393100000000000000e+04
5.767400000000000000e+04
8.330900000000000000e+04
5.771000000000000000e+04
8.573600000000000000e+04
8.039500000000000000e+04
5.046100000000000000e+04
4.380000000000000000e+02
1.447600000000000000e+04
1.446700000000000000e+04
5.220600000000000000e+04
8.811800000000000000e+04
6.050400000000000000e+04
7.777800000000000000e+04
8.923200000000000000e+04
7.979800000000000000e+04
1.020500000000000000e+04
1.871400000000000000e+04
7.936700000000000000e+04
7.162700000000000000e+04
7.330300000000000000e+04
1.623900000000000000e+04
8.903400000000000000e+04
5.199700000000000000e+04
2.415600000000000000e+04
6.839000000000000000e+03
3.779300000000000000e+04
3.458000000000000000e+04
6.312900000000000000e+04
7.457700000000000000e+04
6.541800000000000000e+04
2.745800000000000000e+04
3.048600000000000000e+04
3.877300000000000000e+04
2.179800000000000000e+04
4.852900000000000000e+04
2.326400000000000000e+04
4.977000000000000000e+04
5.552600000000000000e+04
2.377000000000000000e+04
4.104100000000000000e+04
6.851200000000000000e+04
8.723700000000000000e+04
2.017300000000000000e+04
1.441200000000000000e+04
2.514000000000000000e+04
2.318700000000000000e+04
7.826000000000000000e+04
3.735500000000000000e+04
7.778900000000000000e+04
3.783400000000000000e+04
8.408600000000000000e+04
5.497300000000000000e+04
8.467000000000000000e+03
2.503000000000000000e+04
7.747800000000000000e+04
8.360500000000000000e+04
4.756200000000000000e+04
5.046900000000000000e+04
1.695800000000000000e+04
4.683900000000000000e+04
2.969600000000000000e+04
8.039900000000000000e+04
6.637200000000000000e+04
7.046600000000000000e+04
6.606800000000000000e+04
3.173100000000000000e+04
4.244000000000000000e+04
6.463200000000000000e+04
2.718000000000000000e+03
8.017900000000000000e+04
6.915800000000000000e+04
8.874000000000000000e+04
8.636100000000000000e+04
7.267100000000000000e+04
2.612200000000000000e+04
5.944200000000000000e+04
5.468100000000000000e+04
1.891800000000000000e+04
4.093500000000000000e+04
3.623300000000000000e+04
4.185500000000000000e+04
3.140000000000000000e+04
5.620000000000000000e+04
7.519300000000000000e+04
3.519100000000000000e+04
7.454000000000000000e+03
1.248300000000000000e+04
2.050100000000000000e+04
2.087400000000000000e+04
2.352000000000000000e+03
8.882000000000000000e+04
4.848300000000000000e+04
3.086100000000000000e+04
2.089600000000000000e+04
2.481000000000000000e+04
4.168300000000000000e+04
6.141900000000000000e+04
3.945000000000000000e+04
4.706800000000000000e+04
6.698100000000000000e+04
7.438000000000000000e+04
5.615700000000000000e+04
2.118800000000000000e+04
5.787400000000000000e+04
7.708200000000000000e+04
3.247600000000000000e+04
7.995200000000000000e+04
1.614000000000000000e+03
6.083800000000000000e+04
8.059500000000000000e+04
2.413500000000000000e+04
7.504500000000000000e+04
5.929300000000000000e+04
3.919200000000000000e+04
3.403800000000000000e+04
2.923000000000000000e+04
5.085400000000000000e+04
1.880700000000000000e+04
5.782900000000000000e+04
2.887400000000000000e+04
5.761800000000000000e+04
8.078700000000000000e+04
4.341500000000000000e+04
1.896700000000000000e+04
5.225600000000000000e+04
5.835700000000000000e+04
4.158700000000000000e+04
6.539500000000000000e+04
1.369600000000000000e+04
3.957300000000000000e+04
8.134700000000000000e+04
6.298700000000000000e+04
2.898800000000000000e+04
2.368000000000000000e+04
3.717800000000000000e+04
2.497800000000000000e+04
7.862500000000000000e+04
4.910400000000000000e+04
7.571800000000000000e+04
4.766000000000000000e+04
7.535300000000000000e+04
4.126400000000000000e+04
5.655100000000000000e+04
6.067500000000000000e+04
6.487700000000000000e+04
6.366200000000000000e+04
5.896700000000000000e+04
6.182200000000000000e+04
1.108500000000000000e+04
5.525200000000000000e+04
4.331700000000000000e+04
3.258700000000000000e+04
4.212600000000000000e+04
1.550700000000000000e+04
1.182300000000000000e+04
7.431000000000000000e+04
4.155100000000000000e+04
4.944500000000000000e+04
4.841000000000000000e+04
3.262600000000000000e+04
6.096200000000000000e+04
7.440400000000000000e+04
3.941500000000000000e+04
7.334800000000000000e+04
4.631500000000000000e+04
7.793400000000000000e+04
8.380900000000000000e+04
3.790400000000000000e+04
5.400500000000000000e+04
4.907600000000000000e+04
4.241200000000000000e+04
7.521800000000000000e+04
5.992300000000000000e+04
7.982900000000000000e+04
8.177400000000000000e+04
2.984000000000000000e+03
5.984600000000000000e+04
8.782900000000000000e+04
2.290200000000000000e+04
8.008300000000000000e+04
3.194000000000000000e+04
4.784400000000000000e+04
1.279100000000000000e+04
3.616100000000000000e+04
5.143900000000000000e+04
8.788400000000000000e+04
2.500700000000000000e+04
4.130400000000000000e+04
7.085100000000000000e+04
5.032700000000000000e+04
2.993500000000000000e+04
3.480600000000000000e+04
4.448700000000000000e+04
2.995000000000000000e+04
7.287700000000000000e+04
2.171500000000000000e+04
7.289800000000000000e+04
8.713000000000000000e+04
5.338000000000000000e+04
2.957100000000000000e+04
8.235700000000000000e+04
6.467400000000000000e+04
6.635200000000000000e+04
4.460500000000000000e+04
5.646200000000000000e+04
6.563700000000000000e+04
6.789000000000000000e+03
2.941000000000000000e+04
8.241200000000000000e+04
7.374000000000000000e+04
3.898200000000000000e+04
8.732200000000000000e+04
8.504400000000000000e+04
7.341300000000000000e+04
7.727000000000000000e+04
8.053900000000000000e+04
6.071100000000000000e+04
1.455500000000000000e+04
5.763800000000000000e+04
6.733400000000000000e+04
2.910600000000000000e+04
7.975700000000000000e+04
8.849600000000000000e+04
6.555400000000000000e+04
6.136200000000000000e+04
2.618800000000000000e+04
7.754000000000000000e+04
8.715200000000000000e+04
6.414100000000000000e+04
3.688800000000000000e+04
4.339100000000000000e+04
6.875900000000000000e+04
4.351100000000000000e+04
8.840600000000000000e+04
2.033900000000000000e+04
7.860900000000000000e+04
1.491600000000000000e+04
5.434400000000000000e+04
6.397000000000000000e+04
8.408500000000000000e+04
8.367900000000000000e+04
8.842300000000000000e+04
7.174000000000000000e+03
4.523100000000000000e+04
4.486700000000000000e+04
7.588200000000000000e+04
1.569000000000000000e+03
8.239000000000000000e+03
5.569000000000000000e+03
3.936300000000000000e+04
3.438600000000000000e+04
2.458700000000000000e+04
8.496800000000000000e+04
6.023600000000000000e+04
4.463000000000000000e+04
4.832500000000000000e+04
8.412200000000000000e+04
2.498200000000000000e+04
7.272700000000000000e+04
4.742300000000000000e+04
4.303200000000000000e+04
6.951900000000000000e+04
2.452500000000000000e+04
7.641200000000000000e+04
3.731000000000000000e+03
5.671500000000000000e+04
5.106000000000000000e+03
6.385600000000000000e+04
2.511400000000000000e+04
5.872400000000000000e+04
2.452600000000000000e+04
5.730400000000000000e+04
6.624000000000000000e+03
7.535800000000000000e+04
2.014900000000000000e+04
8.695300000000000000e+04
6.433300000000000000e+04
8.073500000000000000e+04
3.154600000000000000e+04
8.163900000000000000e+04
6.403600000000000000e+04
8.725000000000000000e+04
2.905200000000000000e+04
1.243900000000000000e+04
7.713900000000000000e+04
6.468500000000000000e+04
7.340200000000000000e+04
8.273700000000000000e+04
6.611000000000000000e+04
7.667000000000000000e+04
9.950000000000000000e+03
5.727300000000000000e+04
2.646900000000000000e+04
6.661900000000000000e+04
2.247700000000000000e+04
8.811700000000000000e+04
3.892200000000000000e+04
8.420800000000000000e+04
3.098600000000000000e+04
4.656400000000000000e+04
4.094100000000000000e+04
9.673000000000000000e+03
2.482400000000000000e+04
3.885300000000000000e+04
4.845000000000000000e+04
3.832800000000000000e+04
3.778500000000000000e+04
5.941700000000000000e+04
5.722900000000000000e+04
5.877600000000000000e+04
6.452900000000000000e+04
3.904800000000000000e+04
6.899000000000000000e+04
3.748000000000000000e+04
5.634400000000000000e+04
8.430100000000000000e+04
1.324300000000000000e+04
8.217900000000000000e+04
6.839400000000000000e+04
7.354900000000000000e+04
3.472400000000000000e+04
6.808200000000000000e+04
1.765300000000000000e+04
1.311500000000000000e+04
5.262100000000000000e+04
4.353900000000000000e+04
3.475600000000000000e+04
8.066700000000000000e+04
2.669300000000000000e+04
1.509200000000000000e+04
4.208400000000000000e+04
5.284200000000000000e+04
3.286000000000000000e+04
7.970400000000000000e+04
8.138400000000000000e+04
4.199300000000000000e+04
6.580800000000000000e+04
6.036800000000000000e+04
6.680100000000000000e+04
4.660200000000000000e+04
1.444400000000000000e+04
6.101400000000000000e+04
6.526700000000000000e+04
6.281600000000000000e+04
5.557000000000000000e+04
3.659900000000000000e+04
6.558100000000000000e+04
6.812200000000000000e+04
5.796500000000000000e+04
6.511600000000000000e+04
8.403900000000000000e+04
6.902000000000000000e+04
6.144500000000000000e+04
3.710700000000000000e+04
2.409000000000000000e+04
6.519500000000000000e+04
1.474800000000000000e+04
6.847200000000000000e+04
7.918600000000000000e+04
8.385000000000000000e+03
7.007000000000000000e+03
6.870800000000000000e+04
1.999100000000000000e+04
2.732600000000000000e+04
8.523500000000000000e+04
6.712500000000000000e+04
7.291800000000000000e+04
1.481600000000000000e+04
5.720200000000000000e+04
8.045200000000000000e+04
6.673700000000000000e+04
4.247000000000000000e+04
6.577700000000000000e+04
8.237100000000000000e+04
8.257900000000000000e+04
5.375300000000000000e+04
4.622800000000000000e+04
4.683400000000000000e+04
4.507200000000000000e+04
8.842000000000000000e+04
2.509900000000000000e+04
6.410000000000000000e+03
6.757200000000000000e+04
6.116600000000000000e+04
1.191300000000000000e+04
3.814000000000000000e+04
4.275200000000000000e+04
7.393800000000000000e+04
6.147400000000000000e+04
2.920100000000000000e+04
7.495000000000000000e+03
2.929000000000000000e+04
7.554000000000000000e+04
7.188600000000000000e+04
6.594900000000000000e+04
8.271800000000000000e+04
2.789400000000000000e+04
4.837300000000000000e+04
6.433700000000000000e+04
7.085200000000000000e+04
4.512600000000000000e+04
8.732300000000000000e+04
4.041600000000000000e+04
4.136900000000000000e+04
7.572700000000000000e+04
7.056600000000000000e+04
5.609600000000000000e+04
5.527300000000000000e+04
8.376000000000000000e+04
4.603600000000000000e+04
2.483000000000000000e+04
6.708700000000000000e+04
7.724200000000000000e+04
1.986700000000000000e+04
9.483000000000000000e+03
2.490500000000000000e+04
1.118800000000000000e+04
6.560000000000000000e+04
4.571700000000000000e+04
4.343400000000000000e+04
8.733500000000000000e+04
1.913000000000000000e+04
1.592900000000000000e+04
6.105700000000000000e+04
1.440200000000000000e+04
8.043400000000000000e+04
7.877800000000000000e+04
5.467000000000000000e+03
2.898000000000000000e+04
4.132500000000000000e+04
2.022200000000000000e+04
3.550800000000000000e+04
8.914100000000000000e+04
4.430000000000000000e+04
3.964000000000000000e+03
3.247300000000000000e+04
3.319000000000000000e+04
5.023300000000000000e+04
2.034600000000000000e+04
8.613900000000000000e+04
7.205600000000000000e+04
8.897600000000000000e+04
3.544200000000000000e+04
2.400000000000000000e+01
1.354400000000000000e+04
1.800000000000000000e+04
2.402400000000000000e+04
2.304800000000000000e+04
4.911700000000000000e+04
6.060500000000000000e+04
2.455400000000000000e+04
4.095000000000000000e+04
1.875000000000000000e+04
6.738400000000000000e+04
7.356000000000000000e+03
8.198300000000000000e+04
4.203000000000000000e+04
8.675200000000000000e+04
4.141000000000000000e+03
6.985400000000000000e+04
3.459000000000000000e+03
7.533000000000000000e+04
6.910200000000000000e+04
4.863700000000000000e+04
4.420500000000000000e+04
2.496800000000000000e+04
1.387100000000000000e+04
2.402600000000000000e+04
7.900900000000000000e+04
6.158200000000000000e+04
4.469800000000000000e+04
6.378300000000000000e+04
4.042400000000000000e+04
2.782000000000000000e+04
6.022200000000000000e+04
6.051200000000000000e+04
7.073500000000000000e+04
2.941900000000000000e+04
6.460400000000000000e+04
5.254900000000000000e+04
7.280700000000000000e+04
2.326500000000000000e+04
3.703500000000000000e+04
6.207600000000000000e+04
8.193400000000000000e+04
2.832100000000000000e+04
2.886700000000000000e+04
6.212100000000000000e+04
8.825400000000000000e+04
7.313900000000000000e+04
4.200500000000000000e+04
5.968300000000000000e+04
7.123800000000000000e+04
6.519300000000000000e+04
8.781500000000000000e+04
3.610100000000000000e+04
2.763200000000000000e+04
5.741000000000000000e+04
2.087800000000000000e+04
6.391200000000000000e+04
8.024700000000000000e+04
2.454300000000000000e+04
8.760600000000000000e+04
3.858900000000000000e+04
6.378000000000000000e+04
7.139600000000000000e+04
3.472300000000000000e+04
8.264900000000000000e+04
3.679100000000000000e+04
5.706200000000000000e+04
2.902000000000000000e+03
8.294800000000000000e+04
6.376000000000000000e+04
2.850400000000000000e+04
7.002200000000000000e+04
5.325700000000000000e+04
7.918400000000000000e+04
5.550200000000000000e+04
8.606800000000000000e+04
6.759600000000000000e+04
6.281900000000000000e+04
6.880000000000000000e+04
3.788000000000000000e+04
8.644700000000000000e+04
6.943900000000000000e+04
1.372500000000000000e+04
7.370700000000000000e+04
4.735600000000000000e+04
7.738100000000000000e+04
6.949400000000000000e+04
8.517000000000000000e+04
6.547000000000000000e+04
3.822000000000000000e+03
3.065400000000000000e+04
2.154600000000000000e+04
8.886600000000000000e+04
1.836300000000000000e+04
8.816700000000000000e+04
4.973600000000000000e+04
2.432700000000000000e+04
8.362400000000000000e+04
8.806400000000000000e+04
6.244000000000000000e+04
4.824500000000000000e+04
1.236500000000000000e+04
3.761700000000000000e+04
4.769900000000000000e+04
7.728400000000000000e+04
1.565300000000000000e+04
2.359700000000000000e+04
1.164900000000000000e+04
3.365100000000000000e+04
8.706300000000000000e+04
4.719800000000000000e+04
4.229000000000000000e+04
4.677500000000000000e+04
3.728800000000000000e+04
5.380800000000000000e+04
7.190600000000000000e+04
7.673200000000000000e+04
7.001900000000000000e+04
9.225000000000000000e+03
7.316800000000000000e+04
7.456300000000000000e+04
6.165800000000000000e+04
5.050400000000000000e+04
7.609300000000000000e+04
2.150000000000000000e+02
6.641100000000000000e+04
3.397200000000000000e+04
8.562300000000000000e+04
1.599200000000000000e+04
4.293200000000000000e+04
1.764000000000000000e+03
3.664500000000000000e+04
5.496500000000000000e+04
4.292900000000000000e+04
6.139100000000000000e+04
7.317700000000000000e+04
7.168900000000000000e+04
5.324000000000000000e+03
5.820400000000000000e+04
8.178000000000000000e+04
1.777500000000000000e+04
5.233500000000000000e+04
4.264100000000000000e+04
8.015700000000000000e+04
7.393600000000000000e+04
4.288700000000000000e+04
7.051600000000000000e+04
7.840200000000000000e+04
2.120300000000000000e+04
3.343800000000000000e+04
4.650100000000000000e+04
3.782000000000000000e+04
2.861500000000000000e+04
7.705300000000000000e+04
5.672500000000000000e+04
6.584600000000000000e+04
5.397200000000000000e+04
9.278000000000000000e+03
1.577000000000000000e+04
3.842900000000000000e+04
9.461000000000000000e+03
4.156100000000000000e+04
6.285800000000000000e+04
8.566800000000000000e+04
2.990000000000000000e+03
4.808200000000000000e+04
1.667100000000000000e+04
2.735000000000000000e+03
2.333000000000000000e+04
6.697100000000000000e+04
8.111700000000000000e+04
3.638900000000000000e+04
6.947400000000000000e+04
8.404000000000000000e+04
2.792500000000000000e+04
7.296400000000000000e+04
1.349800000000000000e+04
8.885700000000000000e+04
2.322500000000000000e+04
5.736600000000000000e+04
7.471400000000000000e+04
5.010800000000000000e+04
5.975200000000000000e+04
1.201100000000000000e+04
4.375600000000000000e+04
7.890000000000000000e+02
8.748300000000000000e+04
8.708100000000000000e+04
7.011200000000000000e+04
2.608200000000000000e+04
8.331000000000000000e+03
6.828900000000000000e+04
4.856500000000000000e+04
5.303500000000000000e+04
7.978000000000000000e+04
6.703200000000000000e+04
1.084500000000000000e+04
5.567300000000000000e+04
5.801300000000000000e+04
6.255600000000000000e+04
1.835300000000000000e+04
3.023500000000000000e+04
2.230200000000000000e+04
6.605600000000000000e+04
8.338500000000000000e+04
1.167400000000000000e+04
7.351700000000000000e+04
2.799800000000000000e+04
3.408600000000000000e+04
3.849100000000000000e+04
6.276500000000000000e+04
4.513300000000000000e+04
8.285000000000000000e+03
7.778500000000000000e+04
2.984600000000000000e+04
8.337800000000000000e+04
7.594500000000000000e+04
6.850900000000000000e+04
2.057700000000000000e+04
4.417700000000000000e+04
1.776400000000000000e+04
7.243800000000000000e+04
4.561000000000000000e+04
6.014300000000000000e+04
8.462500000000000000e+04
6.107200000000000000e+04
8.448100000000000000e+04
5.032200000000000000e+04
6.185300000000000000e+04
6.408000000000000000e+03
6.622100000000000000e+04
2.875800000000000000e+04
3.394200000000000000e+04
8.214600000000000000e+04
5.770000000000000000e+03
8.109100000000000000e+04
4.456100000000000000e+04
5.981400000000000000e+04
4.414800000000000000e+04
1.436100000000000000e+04
7.509600000000000000e+04
1.215800000000000000e+04
5.822500000000000000e+04
3.642800000000000000e+04
1.647800000000000000e+04
8.584900000000000000e+04
4.917000000000000000e+04
1.335900000000000000e+04
1.378800000000000000e+04
4.027700000000000000e+04
1.165200000000000000e+04
4.881800000000000000e+04
5.182100000000000000e+04
8.594600000000000000e+04
2.807500000000000000e+04
7.959600000000000000e+04
8.907200000000000000e+04
1.990000000000000000e+03
1.184700000000000000e+04
5.835400000000000000e+04
5.680700000000000000e+04
4.870400000000000000e+04
2.493100000000000000e+04
3.523000000000000000e+04
3.275500000000000000e+04
6.007700000000000000e+04
2.310200000000000000e+04
1.974400000000000000e+04
8.579700000000000000e+04
7.630200000000000000e+04
6.113600000000000000e+04
3.818800000000000000e+04
8.899000000000000000e+04
5.295400000000000000e+04
4.556000000000000000e+03
8.222900000000000000e+04
5.136000000000000000e+03
7.765400000000000000e+04
8.601500000000000000e+04
4.087200000000000000e+04
5.382500000000000000e+04
2.319000000000000000e+03
4.452000000000000000e+03
8.164400000000000000e+04
1.452500000000000000e+04
7.471200000000000000e+04
7.041700000000000000e+04
3.703700000000000000e+04
4.719900000000000000e+04
8.574800000000000000e+04
5.321500000000000000e+04
5.884200000000000000e+04
2.670100000000000000e+04
4.160700000000000000e+04
6.133900000000000000e+04
6.262000000000000000e+03
3.485900000000000000e+04
4.581400000000000000e+04
8.429900000000000000e+04
7.763900000000000000e+04
2.843500000000000000e+04
5.384100000000000000e+04
4.500600000000000000e+04
5.967300000000000000e+04
5.857600000000000000e+04
5.604900000000000000e+04
8.258900000000000000e+04
5.333800000000000000e+04
4.280200000000000000e+04
2.358400000000000000e+04
2.818300000000000000e+04
6.631900000000000000e+04
4.942700000000000000e+04
4.002400000000000000e+04
4.530400000000000000e+04
6.495700000000000000e+04
6.630000000000000000e+03
2.023000000000000000e+04
4.532800000000000000e+04
1.999700000000000000e+04
5.622600000000000000e+04
4.235400000000000000e+04
8.713900000000000000e+04
1.284900000000000000e+04
6.212700000000000000e+04
3.382100000000000000e+04
8.459800000000000000e+04
2.019000000000000000e+03
7.176900000000000000e+04
2.297600000000000000e+04
1.990600000000000000e+04
3.281800000000000000e+04
8.625800000000000000e+04
7.932500000000000000e+04
7.266900000000000000e+04
8.048900000000000000e+04
6.697000000000000000e+03
4.077300000000000000e+04
2.417300000000000000e+04
7.652200000000000000e+04
8.778200000000000000e+04
5.050700000000000000e+04
4.176400000000000000e+04
4.895800000000000000e+04
6.434400000000000000e+04
8.208900000000000000e+04
3.068600000000000000e+04
7.350300000000000000e+04
2.571200000000000000e+04
5.888900000000000000e+04
2.622700000000000000e+04
7.671400000000000000e+04
3.149800000000000000e+04
2.086300000000000000e+04
2.359800000000000000e+04
3.301500000000000000e+04
5.791100000000000000e+04
6.021900000000000000e+04
6.324000000000000000e+04
3.823100000000000000e+04
3.660300000000000000e+04
1.969600000000000000e+04
3.528000000000000000e+03
1.318000000000000000e+03
6.912300000000000000e+04
2.861800000000000000e+04
5.888500000000000000e+04
5.454300000000000000e+04
8.141000000000000000e+03
1.661700000000000000e+04
3.350000000000000000e+04
7.711100000000000000e+04
3.004500000000000000e+04
7.682400000000000000e+04
3.495700000000000000e+04
1.425400000000000000e+04
3.794000000000000000e+04
2.327100000000000000e+04
1.179900000000000000e+04
6.075200000000000000e+04
6.654000000000000000e+04
8.444600000000000000e+04
6.618500000000000000e+04
7.145000000000000000e+04
3.925300000000000000e+04
7.117500000000000000e+04
6.015400000000000000e+04
4.595500000000000000e+04
5.295200000000000000e+04
3.717500000000000000e+04
5.792300000000000000e+04
1.178100000000000000e+04
3.666000000000000000e+03
4.434600000000000000e+04
6.603400000000000000e+04
6.153300000000000000e+04
3.211300000000000000e+04
8.541500000000000000e+04
1.373300000000000000e+04
6.114300000000000000e+04
1.918000000000000000e+03
8.389900000000000000e+04
2.854000000000000000e+04
2.232700000000000000e+04
5.913500000000000000e+04
6.048000000000000000e+04
7.005200000000000000e+04
3.464100000000000000e+04
8.773000000000000000e+04
2.524400000000000000e+04
7.133400000000000000e+04
6.882300000000000000e+04
5.782400000000000000e+04
8.821500000000000000e+04
7.014700000000000000e+04
3.013800000000000000e+04
1.614600000000000000e+04
4.366700000000000000e+04
7.134800000000000000e+04
3.937000000000000000e+04
2.872600000000000000e+04
8.165800000000000000e+04
5.834500000000000000e+04
8.905000000000000000e+04
2.224000000000000000e+04
7.680100000000000000e+04
8.105900000000000000e+04
8.687000000000000000e+04
1.952500000000000000e+04
4.026300000000000000e+04
4.938200000000000000e+04
7.218600000000000000e+04
8.370300000000000000e+04
6.430300000000000000e+04
2.862700000000000000e+04
6.210200000000000000e+04
4.227100000000000000e+04
1.853400000000000000e+04
6.063400000000000000e+04
8.006000000000000000e+03
4.284000000000000000e+03
7.583100000000000000e+04
4.701500000000000000e+04
6.163100000000000000e+04
1.012800000000000000e+04
8.871400000000000000e+04
7.564100000000000000e+04
4.275000000000000000e+03
7.517500000000000000e+04
1.919200000000000000e+04
8.098600000000000000e+04
1.487500000000000000e+04
8.744800000000000000e+04
5.706700000000000000e+04
7.070400000000000000e+04
6.850500000000000000e+04
7.338600000000000000e+04
1.779200000000000000e+04
7.691100000000000000e+04
4.536800000000000000e+04
4.841900000000000000e+04
4.593800000000000000e+04
8.652700000000000000e+04
6.497300000000000000e+04
2.913500000000000000e+04
7.756300000000000000e+04
8.018200000000000000e+04
3.863500000000000000e+04
4.294600000000000000e+04
1.418000000000000000e+03
6.062400000000000000e+04
2.107800000000000000e+04
7.865200000000000000e+04
6.731500000000000000e+04
8.086200000000000000e+04
7.110600000000000000e+04
2.268200000000000000e+04
1.237800000000000000e+04
2.528700000000000000e+04
6.006800000000000000e+04
5.086500000000000000e+04
8.722200000000000000e+04
1.072700000000000000e+04
6.192500000000000000e+04
1.842800000000000000e+04
2.122500000000000000e+04
2.633200000000000000e+04
1.870100000000000000e+04
5.651700000000000000e+04
5.843000000000000000e+04
7.181000000000000000e+03
1.339300000000000000e+04
5.672000000000000000e+04
7.368500000000000000e+04
3.235000000000000000e+03
1.029600000000000000e+04
6.742000000000000000e+04
8.001900000000000000e+04
3.931600000000000000e+04
8.690100000000000000e+04
8.472300000000000000e+04
8.040700000000000000e+04
6.203300000000000000e+04
4.761600000000000000e+04
7.914600000000000000e+04
2.327800000000000000e+04
6.328200000000000000e+04
1.386200000000000000e+04
6.382300000000000000e+04
3.533500000000000000e+04
6.403100000000000000e+04
8.229900000000000000e+04
8.048400000000000000e+04
7.712400000000000000e+04
6.604000000000000000e+04
1.993500000000000000e+04
7.222400000000000000e+04
6.802700000000000000e+04
8.421000000000000000e+04
7.470900000000000000e+04
6.338000000000000000e+04
2.637600000000000000e+04
1.473700000000000000e+04
2.907000000000000000e+03
6.794600000000000000e+04
2.034000000000000000e+04
4.477400000000000000e+04
3.036300000000000000e+04
5.989200000000000000e+04
6.421600000000000000e+04
7.465300000000000000e+04
4.683600000000000000e+04
2.255800000000000000e+04
3.589000000000000000e+03
9.798000000000000000e+03
4.251200000000000000e+04
4.863800000000000000e+04
1.417400000000000000e+04
1.847600000000000000e+04
3.281100000000000000e+04
4.852200000000000000e+04
3.989400000000000000e+04
1.821000000000000000e+04
1.661500000000000000e+04
1.498300000000000000e+04
4.728100000000000000e+04
2.930100000000000000e+04
1.716000000000000000e+04
7.152000000000000000e+03
6.520000000000000000e+04
8.311000000000000000e+04
2.453100000000000000e+04
8.075000000000000000e+04
5.276500000000000000e+04
2.967600000000000000e+04
5.319500000000000000e+04
9.903000000000000000e+03
3.058600000000000000e+04
4.534400000000000000e+04
3.383900000000000000e+04
3.167800000000000000e+04
2.719900000000000000e+04
8.447500000000000000e+04
1.303100000000000000e+04
1.531200000000000000e+04
1.318400000000000000e+04
1.709700000000000000e+04
8.829300000000000000e+04
8.196200000000000000e+04
5.624100000000000000e+04
6.587800000000000000e+04
7.378700000000000000e+04
8.296100000000000000e+04
4.168700000000000000e+04
8.440300000000000000e+04
3.347300000000000000e+04
7.442600000000000000e+04
3.463000000000000000e+03
7.287100000000000000e+04
4.852300000000000000e+04
8.764000000000000000e+03
3.334100000000000000e+04
4.816400000000000000e+04
1.623700000000000000e+04
8.779400000000000000e+04
8.610100000000000000e+04
3.088600000000000000e+04
1.780000000000000000e+03
4.424000000000000000e+03
3.085200000000000000e+04
8.135800000000000000e+04
6.122300000000000000e+04
8.614000000000000000e+03
2.095200000000000000e+04
8.381800000000000000e+04
6.956200000000000000e+04
6.725200000000000000e+04
1.774700000000000000e+04
6.143500000000000000e+04
4.576700000000000000e+04
3.310300000000000000e+04
3.296500000000000000e+04
4.773800000000000000e+04
1.073900000000000000e+04
1.948400000000000000e+04
4.408000000000000000e+04
7.227300000000000000e+04
5.964100000000000000e+04
3.541100000000000000e+04
7.516300000000000000e+04
2.587700000000000000e+04
5.250600000000000000e+04
6.325100000000000000e+04
7.561000000000000000e+03
8.267400000000000000e+04
6.787800000000000000e+04
8.838500000000000000e+04
8.814300000000000000e+04
4.957700000000000000e+04
7.796500000000000000e+04
1.443600000000000000e+04
2.363100000000000000e+04
5.627000000000000000e+04
8.456200000000000000e+04
9.610000000000000000e+02
6.507800000000000000e+04
1.631000000000000000e+03
2.368700000000000000e+04
8.273000000000000000e+04
4.808100000000000000e+04
2.272200000000000000e+04
6.869800000000000000e+04
3.624200000000000000e+04
5.127400000000000000e+04
5.993700000000000000e+04
6.707200000000000000e+04
6.196000000000000000e+04
6.134000000000000000e+04
6.192900000000000000e+04
7.202900000000000000e+04
4.157500000000000000e+04
7.658000000000000000e+03
3.800100000000000000e+04
5.508700000000000000e+04
7.008700000000000000e+04
8.402400000000000000e+04
6.288100000000000000e+04
3.633000000000000000e+03
6.244700000000000000e+04
1.468300000000000000e+04
8.240100000000000000e+04
7.768500000000000000e+04
1.866300000000000000e+04
3.214400000000000000e+04
2.962200000000000000e+04
8.611000000000000000e+03
7.428300000000000000e+04
7.929700000000000000e+04
8.345000000000000000e+03
8.105000000000000000e+04
6.112500000000000000e+04
7.391300000000000000e+04
7.273200000000000000e+04
1.500000000000000000e+02
7.115500000000000000e+04
7.534600000000000000e+04
2.967700000000000000e+04
7.169900000000000000e+04
1.583600000000000000e+04
3.764600000000000000e+04
1.009000000000000000e+04
9.766000000000000000e+03
3.298800000000000000e+04
8.038100000000000000e+04
1.760300000000000000e+04
6.941200000000000000e+04
4.927400000000000000e+04
7.666100000000000000e+04
4.989500000000000000e+04
1.849900000000000000e+04
2.888700000000000000e+04
3.713100000000000000e+04
3.449800000000000000e+04
1.246200000000000000e+04
2.832800000000000000e+04
8.574700000000000000e+04
6.372700000000000000e+04
7.632900000000000000e+04
7.967100000000000000e+04
7.140100000000000000e+04
5.137900000000000000e+04
5.533000000000000000e+04
6.596300000000000000e+04
6.664100000000000000e+04
3.879100000000000000e+04
8.308400000000000000e+04
3.854600000000000000e+04
1.057300000000000000e+04
5.914200000000000000e+04
6.340400000000000000e+04
5.356900000000000000e+04
8.215600000000000000e+04
1.914100000000000000e+04
5.391800000000000000e+04
7.163400000000000000e+04
2.742700000000000000e+04
6.106700000000000000e+04
7.955400000000000000e+04
8.696700000000000000e+04
2.777000000000000000e+04
6.088100000000000000e+04
8.145000000000000000e+04
8.635200000000000000e+04
8.168900000000000000e+04
3.657000000000000000e+04
3.101700000000000000e+04
4.944200000000000000e+04
4.078500000000000000e+04
7.216000000000000000e+03
2.738800000000000000e+04
8.052100000000000000e+04
4.018700000000000000e+04
4.072000000000000000e+04
1.292200000000000000e+04
7.046100000000000000e+04
7.749000000000000000e+03
9.033000000000000000e+03
4.289600000000000000e+04
8.871600000000000000e+04
9.640000000000000000e+02
5.731700000000000000e+04
3.281900000000000000e+04
6.553000000000000000e+04
5.472000000000000000e+04
2.411500000000000000e+04
5.077300000000000000e+04
8.345500000000000000e+04
2.159900000000000000e+04
2.189900000000000000e+04
3.254400000000000000e+04
5.484700000000000000e+04
6.288900000000000000e+04
4.183400000000000000e+04
5.020500000000000000e+04
5.284600000000000000e+04
2.319400000000000000e+04
4.977400000000000000e+04
1.680700000000000000e+04
3.808200000000000000e+04
8.143800000000000000e+04
4.409500000000000000e+04
3.210900000000000000e+04
6.200000000000000000e+01
1.906700000000000000e+04
5.216200000000000000e+04
5.602200000000000000e+04
5.978300000000000000e+04
1.930100000000000000e+04
7.049900000000000000e+04
4.208600000000000000e+04
7.518000000000000000e+03
6.657400000000000000e+04
8.670000000000000000e+03
9.134000000000000000e+03
4.956700000000000000e+04
4.957900000000000000e+04
8.439400000000000000e+04
4.600300000000000000e+04
3.840400000000000000e+04
1.790100000000000000e+04
2.825400000000000000e+04
8.489700000000000000e+04
8.138700000000000000e+04
4.519400000000000000e+04
8.393700000000000000e+04
3.836800000000000000e+04
7.674200000000000000e+04
2.373600000000000000e+04
5.618600000000000000e+04
2.505000000000000000e+03
3.682000000000000000e+03
7.624000000000000000e+03
3.379000000000000000e+04
8.581000000000000000e+03
6.283900000000000000e+04
7.447000000000000000e+04
8.148800000000000000e+04
5.678100000000000000e+04
5.011000000000000000e+04
7.433600000000000000e+04
3.760500000000000000e+04
8.524900000000000000e+04
6.161900000000000000e+04
3.975600000000000000e+04
7.394600000000000000e+04
8.480500000000000000e+04
8.811400000000000000e+04
1.825900000000000000e+04
5.093000000000000000e+04
1.664000000000000000e+03
6.190100000000000000e+04
8.621200000000000000e+04
8.751100000000000000e+04
2.943000000000000000e+04
4.515500000000000000e+04
6.345000000000000000e+03
6.912400000000000000e+04
4.199600000000000000e+04
3.072500000000000000e+04
3.305800000000000000e+04
7.905600000000000000e+04
1.833000000000000000e+03
4.186000000000000000e+04
8.117200000000000000e+04
6.821400000000000000e+04
1.579700000000000000e+04
1.950500000000000000e+04
1.388600000000000000e+04
3.529700000000000000e+04
2.556200000000000000e+04
4.721100000000000000e+04
4.927200000000000000e+04
1.054600000000000000e+04
7.488700000000000000e+04
8.040900000000000000e+04
2.166700000000000000e+04
7.957500000000000000e+04
8.388200000000000000e+04
8.023300000000000000e+04
4.029400000000000000e+04
6.866100000000000000e+04
5.708500000000000000e+04
5.321000000000000000e+03
1.557700000000000000e+04
3.276100000000000000e+04
4.144500000000000000e+04
6.021100000000000000e+04
1.609700000000000000e+04
4.754100000000000000e+04
8.258000000000000000e+03
7.406000000000000000e+03
6.685100000000000000e+04
1.041400000000000000e+04
1.408400000000000000e+04
3.868000000000000000e+04
1.878700000000000000e+04
6.872000000000000000e+04
8.348500000000000000e+04
3.905100000000000000e+04
2.279600000000000000e+04
1.910200000000000000e+04
4.643000000000000000e+04
5.190900000000000000e+04
1.059100000000000000e+04
9.108000000000000000e+03
4.556400000000000000e+04
6.823000000000000000e+03
5.518200000000000000e+04
1.950600000000000000e+04
6.922000000000000000e+03
5.148600000000000000e+04
6.547000000000000000e+03
3.940000000000000000e+04
6.609100000000000000e+04
5.267300000000000000e+04
4.147000000000000000e+03
4.649800000000000000e+04
6.479500000000000000e+04
6.097600000000000000e+04
1.981100000000000000e+04
8.543000000000000000e+04
3.872700000000000000e+04
5.792900000000000000e+04
4.639900000000000000e+04
5.933700000000000000e+04
5.405500000000000000e+04
1.903600000000000000e+04
4.814000000000000000e+03
1.527400000000000000e+04
6.502600000000000000e+04
1.713700000000000000e+04
5.716100000000000000e+04
6.940300000000000000e+04
1.896900000000000000e+04
7.239000000000000000e+03
8.110700000000000000e+04
7.236400000000000000e+04
4.899900000000000000e+04
6.718800000000000000e+04
2.241800000000000000e+04
5.139000000000000000e+03
1.698000000000000000e+04
3.341700000000000000e+04
1.228600000000000000e+04
3.863400000000000000e+04
1.060000000000000000e+04
4.995400000000000000e+04
2.913800000000000000e+04
8.318700000000000000e+04
4.136100000000000000e+04
4.879000000000000000e+03
4.285400000000000000e+04
5.352500000000000000e+04
3.037600000000000000e+04
5.578000000000000000e+04
5.998000000000000000e+03
6.301100000000000000e+04
5.476100000000000000e+04
5.885600000000000000e+04
1.482800000000000000e+04
3.853000000000000000e+04
1.229100000000000000e+04
5.250800000000000000e+04
8.281800000000000000e+04
5.778200000000000000e+04
5.188000000000000000e+03
4.176900000000000000e+04
6.291300000000000000e+04
9.006000000000000000e+03
1.045000000000000000e+03
9.865000000000000000e+03
5.521400000000000000e+04
6.528500000000000000e+04
6.797800000000000000e+04
5.516400000000000000e+04
8.344200000000000000e+04
6.849100000000000000e+04
5.146300000000000000e+04
7.231000000000000000e+04
3.162000000000000000e+04
3.359100000000000000e+04
7.660600000000000000e+04
2.744000000000000000e+03
7.419500000000000000e+04
1.311900000000000000e+04
1.224000000000000000e+04
3.701300000000000000e+04
8.554600000000000000e+04
4.927800000000000000e+04
3.840800000000000000e+04
3.351900000000000000e+04
1.149500000000000000e+04
6.933400000000000000e+04
2.874800000000000000e+04
6.761500000000000000e+04
7.900700000000000000e+04
5.803400000000000000e+04
7.390600000000000000e+04
4.146100000000000000e+04
3.174200000000000000e+04
5.704400000000000000e+04
8.094700000000000000e+04
6.979900000000000000e+04
5.685300000000000000e+04
4.247000000000000000e+03
3.648000000000000000e+03
6.975700000000000000e+04
3.676700000000000000e+04
6.807700000000000000e+04
6.127100000000000000e+04
2.465700000000000000e+04
1.052400000000000000e+04
7.187000000000000000e+04
1.305000000000000000e+03
1.493000000000000000e+03
4.492900000000000000e+04
4.041000000000000000e+04
4.000000000000000000e+00
8.332300000000000000e+04
8.251000000000000000e+03
3.497900000000000000e+04
4.732300000000000000e+04
6.486900000000000000e+04
2.511900000000000000e+04
7.388200000000000000e+04
4.203300000000000000e+04
5.092200000000000000e+04
6.014800000000000000e+04
8.481100000000000000e+04
1.409500000000000000e+04
4.408000000000000000e+03
3.254800000000000000e+04
4.792400000000000000e+04
5.493000000000000000e+04
1.008900000000000000e+04
3.786600000000000000e+04
2.000600000000000000e+04
5.682400000000000000e+04
8.589500000000000000e+04
7.675100000000000000e+04
5.403800000000000000e+04
3.617200000000000000e+04
1.908000000000000000e+04
8.161300000000000000e+04
7.971100000000000000e+04
3.686200000000000000e+04
3.994100000000000000e+04
1.404900000000000000e+04
4.542100000000000000e+04
7.648700000000000000e+04
4.525800000000000000e+04
7.842400000000000000e+04
2.704400000000000000e+04
6.875500000000000000e+04
7.433500000000000000e+04
3.858500000000000000e+04
4.951300000000000000e+04
5.318300000000000000e+04
5.201000000000000000e+04
8.433400000000000000e+04
7.488300000000000000e+04
9.177000000000000000e+03
6.687200000000000000e+04
4.106400000000000000e+04
1.309100000000000000e+04
2.973400000000000000e+04
8.029800000000000000e+04
6.394900000000000000e+04
1.188900000000000000e+04
4.444700000000000000e+04
1.560400000000000000e+04
1.180000000000000000e+04
8.086600000000000000e+04
7.452000000000000000e+03
5.149000000000000000e+04
1.757000000000000000e+03
4.828000000000000000e+03
2.713700000000000000e+04
7.667800000000000000e+04
2.982000000000000000e+03
2.766500000000000000e+04
1.038400000000000000e+04
1.607500000000000000e+04
4.485400000000000000e+04
4.398700000000000000e+04
5.927000000000000000e+04
3.762200000000000000e+04
2.926100000000000000e+04
2.549000000000000000e+04
6.012700000000000000e+04
3.323900000000000000e+04
5.753000000000000000e+04
4.563100000000000000e+04
6.377200000000000000e+04
2.224000000000000000e+03
2.418000000000000000e+04
7.395500000000000000e+04
1.655000000000000000e+03
3.347000000000000000e+03
4.279300000000000000e+04
8.059700000000000000e+04
8.650000000000000000e+03
1.304100000000000000e+04
6.630600000000000000e+04
5.880500000000000000e+04
5.522600000000000000e+04
3.385000000000000000e+03
1.792000000000000000e+04
3.355000000000000000e+04
5.041800000000000000e+04
4.960500000000000000e+04
6.217700000000000000e+04
4.124500000000000000e+04
4.510100000000000000e+04
1.850500000000000000e+04
5.257700000000000000e+04
5.483500000000000000e+04
7.282900000000000000e+04
5.144500000000000000e+04
8.513100000000000000e+04
6.519100000000000000e+04
7.554500000000000000e+04
6.077000000000000000e+04
6.513500000000000000e+04
5.083900000000000000e+04
4.402100000000000000e+04
5.339700000000000000e+04
5.932500000000000000e+04
4.678200000000000000e+04
2.167000000000000000e+04
8.609000000000000000e+04
7.914400000000000000e+04
5.173900000000000000e+04
7.250700000000000000e+04
8.050000000000000000e+02
5.453000000000000000e+04
2.374800000000000000e+04
1.554000000000000000e+03
8.687400000000000000e+04
2.130500000000000000e+04
5.161900000000000000e+04
4.897200000000000000e+04
5.348000000000000000e+04
3.997300000000000000e+04
5.185500000000000000e+04
1.953200000000000000e+04
1.444000000000000000e+03
5.248100000000000000e+04
7.782500000000000000e+04
6.804700000000000000e+04
2.525800000000000000e+04
5.714800000000000000e+04
5.810100000000000000e+04
1.566700000000000000e+04
3.758500000000000000e+04
1.055000000000000000e+04
5.732200000000000000e+04
1.426700000000000000e+04
2.423000000000000000e+04
5.936500000000000000e+04
5.627200000000000000e+04
5.824800000000000000e+04
6.226900000000000000e+04
1.912800000000000000e+04
8.634000000000000000e+03
8.175600000000000000e+04
3.062300000000000000e+04
4.110000000000000000e+02
1.996200000000000000e+04
3.767800000000000000e+04
1.942300000000000000e+04
8.507400000000000000e+04
1.158700000000000000e+04
9.380000000000000000e+03
8.574900000000000000e+04
7.310000000000000000e+02
3.139400000000000000e+04
5.163200000000000000e+04
1.561500000000000000e+04
2.983300000000000000e+04
1.990800000000000000e+04
6.903600000000000000e+04
7.201000000000000000e+04
4.493100000000000000e+04
8.176900000000000000e+04
2.770100000000000000e+04
5.258700000000000000e+04
2.575800000000000000e+04
4.342800000000000000e+04
5.187700000000000000e+04
5.044000000000000000e+03
1.083900000000000000e+04
7.177700000000000000e+04
6.515100000000000000e+04
5.140400000000000000e+04
1.121700000000000000e+04
6.479100000000000000e+04
6.501000000000000000e+03
7.804800000000000000e+04
4.911900000000000000e+04
2.961700000000000000e+04
6.232400000000000000e+04
3.483000000000000000e+03
3.763000000000000000e+03
2.660100000000000000e+04
5.483600000000000000e+04
4.308300000000000000e+04
6.605700000000000000e+04
7.527100000000000000e+04
3.134300000000000000e+04
2.849600000000000000e+04
4.048500000000000000e+04
3.393400000000000000e+04
1.514600000000000000e+04
8.164100000000000000e+04
7.501600000000000000e+04
5.629700000000000000e+04
5.033700000000000000e+04
3.172500000000000000e+04
6.463300000000000000e+04
1.940000000000000000e+02
3.053600000000000000e+04
4.928300000000000000e+04
4.597000000000000000e+03
4.715200000000000000e+04
6.599400000000000000e+04
5.320700000000000000e+04
1.870700000000000000e+04
3.054300000000000000e+04
4.500100000000000000e+04
1.680000000000000000e+04
4.556200000000000000e+04
7.716600000000000000e+04
1.704300000000000000e+04
6.819200000000000000e+04
3.780000000000000000e+03
5.690800000000000000e+04
5.878100000000000000e+04
1.260500000000000000e+04
4.614300000000000000e+04
1.418400000000000000e+04
3.134200000000000000e+04
1.659600000000000000e+04
7.115600000000000000e+04
5.027000000000000000e+03
5.255800000000000000e+04
3.278900000000000000e+04
2.495600000000000000e+04
5.964500000000000000e+04
2.074000000000000000e+04
1.596900000000000000e+04
4.692500000000000000e+04
5.618900000000000000e+04
1.334600000000000000e+04
4.155800000000000000e+04
2.146800000000000000e+04
3.158100000000000000e+04
6.848300000000000000e+04
4.984000000000000000e+04
7.434400000000000000e+04
5.853000000000000000e+03
5.781400000000000000e+04
7.909500000000000000e+04
1.884000000000000000e+04
3.170200000000000000e+04
6.679000000000000000e+04
3.498900000000000000e+04
5.535200000000000000e+04
5.655600000000000000e+04
4.972900000000000000e+04
8.978000000000000000e+03
4.888300000000000000e+04
2.952600000000000000e+04
5.419100000000000000e+04
6.992400000000000000e+04
7.235000000000000000e+04
2.758700000000000000e+04
7.233400000000000000e+04
6.162200000000000000e+04
1.222000000000000000e+03
2.231700000000000000e+04
5.191200000000000000e+04
6.801000000000000000e+04
4.421200000000000000e+04
3.562800000000000000e+04
2.793300000000000000e+04
5.573300000000000000e+04
6.275700000000000000e+04
5.720900000000000000e+04
1.395500000000000000e+04
1.402000000000000000e+04
8.097500000000000000e+04
4.131000000000000000e+04
5.088600000000000000e+04
2.574700000000000000e+04
1.369000000000000000e+03
7.132000000000000000e+03
2.710000000000000000e+04
4.805700000000000000e+04
1.199800000000000000e+04
3.443800000000000000e+04
8.072100000000000000e+04
2.593300000000000000e+04
8.208500000000000000e+04
5.140700000000000000e+04
2.848100000000000000e+04
3.437400000000000000e+04
4.806000000000000000e+04
3.559600000000000000e+04
5.852600000000000000e+04
6.248400000000000000e+04
2.312000000000000000e+03
4.803200000000000000e+04
1.788100000000000000e+04
6.019400000000000000e+04
6.297100000000000000e+04
3.234000000000000000e+03
2.293600000000000000e+04
1.193000000000000000e+04
7.650500000000000000e+04
2.263000000000000000e+04
3.088300000000000000e+04
2.075600000000000000e+04
1.241000000000000000e+03
2.066000000000000000e+03
4.925600000000000000e+04
2.981500000000000000e+04
7.202200000000000000e+04
2.550200000000000000e+04
3.571400000000000000e+04
3.034100000000000000e+04
1.412600000000000000e+04
5.974300000000000000e+04
5.954000000000000000e+03
3.624500000000000000e+04
3.010300000000000000e+04
5.174500000000000000e+04
4.699000000000000000e+03
5.762300000000000000e+04
2.334900000000000000e+04
8.177900000000000000e+04
3.233200000000000000e+04
2.435400000000000000e+04
1.334900000000000000e+04
2.438700000000000000e+04
7.648000000000000000e+03
5.787000000000000000e+04
6.253600000000000000e+04
4.345900000000000000e+04
2.573800000000000000e+04
2.110200000000000000e+04
1.494000000000000000e+03
7.414000000000000000e+03
2.608300000000000000e+04
5.669500000000000000e+04
7.280500000000000000e+04
4.392000000000000000e+03
1.620300000000000000e+04
8.923600000000000000e+04
5.663800000000000000e+04
1.102500000000000000e+04
1.381600000000000000e+04
6.685500000000000000e+04
4.391200000000000000e+04
6.090500000000000000e+04
3.220200000000000000e+04
3.511000000000000000e+03
5.420600000000000000e+04
1.489300000000000000e+04
1.682900000000000000e+04
5.757600000000000000e+04
7.127500000000000000e+04
2.185100000000000000e+04
3.111900000000000000e+04
3.633300000000000000e+04
3.914700000000000000e+04
7.796900000000000000e+04
2.473800000000000000e+04
2.015900000000000000e+04
4.631900000000000000e+04
6.681400000000000000e+04
2.389900000000000000e+04
1.299300000000000000e+04
2.237400000000000000e+04
3.834000000000000000e+03
7.227500000000000000e+04
3.632600000000000000e+04
1.945300000000000000e+04
3.188200000000000000e+04
7.218300000000000000e+04
7.364000000000000000e+03
6.640500000000000000e+04
8.411000000000000000e+03
3.508000000000000000e+04
5.801600000000000000e+04
5.986300000000000000e+04
1.815000000000000000e+03
7.847800000000000000e+04
1.835200000000000000e+04
2.859000000000000000e+04
2.357000000000000000e+04
5.211400000000000000e+04
4.308400000000000000e+04
3.475300000000000000e+04
2.050000000000000000e+03
4.626400000000000000e+04
2.001800000000000000e+04
8.431300000000000000e+04
3.278000000000000000e+03
1.589300000000000000e+04
4.011100000000000000e+04
7.528800000000000000e+04
3.735700000000000000e+04
3.233900000000000000e+04
1.441000000000000000e+03
7.292000000000000000e+03
4.748300000000000000e+04
3.658200000000000000e+04
6.361400000000000000e+04
6.240000000000000000e+03
6.288500000000000000e+04
1.113600000000000000e+04
2.195100000000000000e+04
6.965000000000000000e+03
2.344000000000000000e+03
7.125500000000000000e+04
6.248000000000000000e+03
3.053400000000000000e+04
7.652400000000000000e+04
8.900300000000000000e+04
3.946600000000000000e+04
7.596900000000000000e+04
7.121700000000000000e+04
8.908700000000000000e+04
1.438100000000000000e+04
7.987100000000000000e+04
4.577000000000000000e+04
5.670100000000000000e+04
2.221000000000000000e+04
1.346300000000000000e+04
5.295600000000000000e+04
5.083600000000000000e+04
1.301400000000000000e+04
1.071700000000000000e+04
2.895100000000000000e+04
4.244700000000000000e+04
7.504000000000000000e+04
3.403900000000000000e+04
2.710900000000000000e+04
4.243600000000000000e+04
4.889100000000000000e+04
1.020700000000000000e+04
3.865200000000000000e+04
4.008000000000000000e+03
1.176700000000000000e+04
2.340300000000000000e+04
7.787700000000000000e+04
4.525000000000000000e+03
1.012100000000000000e+04
8.303000000000000000e+04
2.880800000000000000e+04
2.601000000000000000e+03
3.632400000000000000e+04
6.479600000000000000e+04
8.842600000000000000e+04
7.648300000000000000e+04
5.157500000000000000e+04
4.026400000000000000e+04
6.868000000000000000e+03
3.855000000000000000e+04
2.369800000000000000e+04
6.230100000000000000e+04
2.769400000000000000e+04
2.688600000000000000e+04
1.344000000000000000e+03
8.925000000000000000e+03
3.776700000000000000e+04
1.765500000000000000e+04
5.883900000000000000e+04
6.946900000000000000e+04
1.245600000000000000e+04
7.700500000000000000e+04
5.376000000000000000e+04
2.376900000000000000e+04
2.756900000000000000e+04
8.718000000000000000e+03
2.410000000000000000e+03
1.178300000000000000e+04
2.303500000000000000e+04
3.025000000000000000e+03
2.114800000000000000e+04
2.835000000000000000e+03
3.365900000000000000e+04
3.226700000000000000e+04
5.768400000000000000e+04
3.839000000000000000e+04
2.582000000000000000e+03
7.121000000000000000e+03
3.340900000000000000e+04
1.419100000000000000e+04
3.261400000000000000e+04
5.836000000000000000e+03
4.325800000000000000e+04
6.593800000000000000e+04
2.629100000000000000e+04
1.682000000000000000e+04
7.806400000000000000e+04
4.218000000000000000e+03
5.419000000000000000e+03
6.260600000000000000e+04
2.872800000000000000e+04
6.071400000000000000e+04
1.639000000000000000e+03
7.206800000000000000e+04
1.031300000000000000e+04
2.891000000000000000e+04
4.894500000000000000e+04
2.133800000000000000e+04
5.228000000000000000e+03
4.780000000000000000e+02
3.586900000000000000e+04
4.330000000000000000e+03
7.216200000000000000e+04
1.122900000000000000e+04
4.184000000000000000e+03
5.442300000000000000e+04
1.149800000000000000e+04
5.784000000000000000e+03
6.919000000000000000e+03
1.059900000000000000e+04
2.108300000000000000e+04
1.570000000000000000e+03
4.549100000000000000e+04
1.210400000000000000e+04
2.410900000000000000e+04
3.277800000000000000e+04
1.105400000000000000e+04
1.659000000000000000e+03
2.552000000000000000e+03
4.079000000000000000e+03
1.056800000000000000e+04
1.066400000000000000e+04
2.807600000000000000e+04
4.577500000000000000e+04
7.870000000000000000e+02
1.741600000000000000e+04
1.143900000000000000e+04
1.445900000000000000e+04
1.436000000000000000e+04
2.598000000000000000e+03
1.029000000000000000e+03
6.210000000000000000e+02
5.319000000000000000e+03
2.271000000000000000e+03
3.466000000000000000e+03
3.086000000000000000e+03
2.171100000000000000e+04
1.776000000000000000e+03
6.153000000000000000e+03
5.845000000000000000e+03
2.425200000000000000e+04
1.818700000000000000e+04
1.303600000000000000e+04
6.407000000000000000e+03
2.009500000000000000e+04
2.045600000000000000e+04
6.112000000000000000e+03
2.122200000000000000e+04
8.100000000000000000e+01
4.580000000000000000e+02
2.619200000000000000e+04
3.940000000000000000e+02
1.346400000000000000e+04
1.045000000000000000e+04
5.669000000000000000e+03
2.873600000000000000e+04
1.644500000000000000e+04
1.439000000000000000e+03
7.560000000000000000e+03
5.372000000000000000e+03
1.845600000000000000e+04
9.582000000000000000e+03
8.580000000000000000e+03
5.176000000000000000e+03
1.726300000000000000e+04
5.558000000000000000e+03
9.476000000000000000e+03
6.760000000000000000e+02
6.628000000000000000e+03
1.867200000000000000e+04
3.715000000000000000e+03
1.611200000000000000e+04
2.322600000000000000e+04
8.559000000000000000e+03
3.402000000000000000e+03
4.296000000000000000e+03
7.750000000000000000e+02
1.768000000000000000e+03
7.911000000000000000e+03
1.393000000000000000e+03
1.125000000000000000e+03
8.210000000000000000e+02
2.195000000000000000e+03
4.260000000000000000e+02
5.000000000000000000e+01
