1.592190000000000000e+05
1.039490000000000000e+05
1.256660000000000000e+05
1.233230000000000000e+05
1.558980000000000000e+05
1.371030000000000000e+05
2.012500000000000000e+04
1.551560000000000000e+05
6.784100000000000000e+04
1.399170000000000000e+05
1.289060000000000000e+05
4.862400000000000000e+04
1.757500000000000000e+04
3.343000000000000000e+04
1.857800000000000000e+04
1.354780000000000000e+05
9.840000000000000000e+04
6.724300000000000000e+04
6.969600000000000000e+04
1.377680000000000000e+05
1.525300000000000000e+05
1.183980000000000000e+05
5.060500000000000000e+04
1.037310000000000000e+05
1.641890000000000000e+05
9.141100000000000000e+04
2.401900000000000000e+04
1.521620000000000000e+05
4.398700000000000000e+04
1.044680000000000000e+05
9.817400000000000000e+04
1.316270000000000000e+05
5.452500000000000000e+04
1.612070000000000000e+05
1.422050000000000000e+05
9.433600000000000000e+04
1.684570000000000000e+05
9.539200000000000000e+04
1.206110000000000000e+05
4.837500000000000000e+04
6.420800000000000000e+04
1.167300000000000000e+04
1.551960000000000000e+05
2.122000000000000000e+04
1.654430000000000000e+05
1.177800000000000000e+04
1.089080000000000000e+05
1.605680000000000000e+05
2.922100000000000000e+04
1.248880000000000000e+05
7.699200000000000000e+04
9.012000000000000000e+04
4.828200000000000000e+04
2.265500000000000000e+04
1.098170000000000000e+05
1.317970000000000000e+05
1.151950000000000000e+05
6.647700000000000000e+04
6.770300000000000000e+04
1.337320000000000000e+05
1.038130000000000000e+05
1.668350000000000000e+05
1.687300000000000000e+04
1.648610000000000000e+05
1.330870000000000000e+05
1.651180000000000000e+05
1.138890000000000000e+05
1.509250000000000000e+05
1.381590000000000000e+05
9.294200000000000000e+04
3.038200000000000000e+04
1.049620000000000000e+05
2.808000000000000000e+04
5.326400000000000000e+04
3.935000000000000000e+04
6.654100000000000000e+04
1.351240000000000000e+05
1.614790000000000000e+05
8.146000000000000000e+03
5.476100000000000000e+04
1.469910000000000000e+05
1.504500000000000000e+05
7.367400000000000000e+04
2.722200000000000000e+04
1.629510000000000000e+05
1.049000000000000000e+05
4.471200000000000000e+04
2.562200000000000000e+04
1.089510000000000000e+05
1.819300000000000000e+04
5.648700000000000000e+04
1.433760000000000000e+05
8.090800000000000000e+04
7.439400000000000000e+04
3.134000000000000000e+04
3.404000000000000000e+03
1.105000000000000000e+04
1.616330000000000000e+05
9.940400000000000000e+04
5.860900000000000000e+04
1.456570000000000000e+05
9.170100000000000000e+04
1.526640000000000000e+05
3.401500000000000000e+04
5.242000000000000000e+03
8.940900000000000000e+04
1.516350000000000000e+05
8.491600000000000000e+04
1.570160000000000000e+05
8.490500000000000000e+04
9.693500000000000000e+04
1.210050000000000000e+05
1.024060000000000000e+05
6.810500000000000000e+04
2.006000000000000000e+04
9.943700000000000000e+04
9.113100000000000000e+04
4.246500000000000000e+04
1.594700000000000000e+04
1.285340000000000000e+05
4.272800000000000000e+04
1.127710000000000000e+05
9.957800000000000000e+04
1.060020000000000000e+05
1.161000000000000000e+05
6.510600000000000000e+04
1.131010000000000000e+05
1.812900000000000000e+04
1.417750000000000000e+05
2.143200000000000000e+04
1.336480000000000000e+05
1.132520000000000000e+05
2.583700000000000000e+04
9.672400000000000000e+04
4.301400000000000000e+04
6.911700000000000000e+04
7.206500000000000000e+04
7.830400000000000000e+04
1.667530000000000000e+05
3.355300000000000000e+04
1.126340000000000000e+05
1.191200000000000000e+05
7.941800000000000000e+04
3.882500000000000000e+04
7.818000000000000000e+03
1.333680000000000000e+05
6.060600000000000000e+04
9.470800000000000000e+04
1.866700000000000000e+04
1.313070000000000000e+05
1.320380000000000000e+05
2.250100000000000000e+04
3.456400000000000000e+04
1.659160000000000000e+05
6.996000000000000000e+03
1.466300000000000000e+05
3.361400000000000000e+04
6.747000000000000000e+03
6.275200000000000000e+04
1.536480000000000000e+05
6.248200000000000000e+04
3.738400000000000000e+04
1.635520000000000000e+05
3.188800000000000000e+04
1.586900000000000000e+04
1.528810000000000000e+05
1.080870000000000000e+05
2.842300000000000000e+04
1.315800000000000000e+05
8.601200000000000000e+04
2.175500000000000000e+04
1.191150000000000000e+05
1.617270000000000000e+05
1.530650000000000000e+05
1.379380000000000000e+05
1.686770000000000000e+05
1.233530000000000000e+05
1.391600000000000000e+05
4.322500000000000000e+04
2.777000000000000000e+04
3.283700000000000000e+04
1.479000000000000000e+04
1.448740000000000000e+05
1.176800000000000000e+04
1.351980000000000000e+05
2.912500000000000000e+04
1.432950000000000000e+05
9.265900000000000000e+04
1.522890000000000000e+05
8.376400000000000000e+04
7.195700000000000000e+04
2.943000000000000000e+03
1.098690000000000000e+05
2.119600000000000000e+04
6.260400000000000000e+04
1.283610000000000000e+05
3.889400000000000000e+04
1.224130000000000000e+05
1.617780000000000000e+05
5.663500000000000000e+04
2.804100000000000000e+04
6.941000000000000000e+03
1.572390000000000000e+05
1.571780000000000000e+05
1.050700000000000000e+04
1.534800000000000000e+04
1.153900000000000000e+05
4.452100000000000000e+04
1.014890000000000000e+05
1.041300000000000000e+04
7.077500000000000000e+04
4.466800000000000000e+04
8.870900000000000000e+04
1.200910000000000000e+05
1.589990000000000000e+05
1.617290000000000000e+05
8.212600000000000000e+04
3.400300000000000000e+04
1.223750000000000000e+05
1.381880000000000000e+05
2.824500000000000000e+04
1.577890000000000000e+05
1.359650000000000000e+05
8.084800000000000000e+04
1.591380000000000000e+05
3.051300000000000000e+04
1.140420000000000000e+05
7.704300000000000000e+04
5.079600000000000000e+04
8.871400000000000000e+04
2.793600000000000000e+04
1.740200000000000000e+04
1.196740000000000000e+05
8.763700000000000000e+04
5.463100000000000000e+04
9.678400000000000000e+04
4.878000000000000000e+04
5.940200000000000000e+04
1.583560000000000000e+05
1.687570000000000000e+05
9.685200000000000000e+04
1.416220000000000000e+05
1.364170000000000000e+05
3.867000000000000000e+04
8.143200000000000000e+04
7.709000000000000000e+04
1.066610000000000000e+05
3.600000000000000000e+01
6.453000000000000000e+03
2.920700000000000000e+04
1.216830000000000000e+05
3.718500000000000000e+04
4.742400000000000000e+04
2.251800000000000000e+04
7.719600000000000000e+04
7.334300000000000000e+04
1.010810000000000000e+05
9.932300000000000000e+04
1.152680000000000000e+05
1.044570000000000000e+05
1.680880000000000000e+05
1.416960000000000000e+05
1.562920000000000000e+05
9.814000000000000000e+04
1.264900000000000000e+05
2.204200000000000000e+04
1.203820000000000000e+05
2.555700000000000000e+04
7.751400000000000000e+04
1.418840000000000000e+05
3.062100000000000000e+04
5.360100000000000000e+04
8.974300000000000000e+04
1.467450000000000000e+05
8.513300000000000000e+04
9.434200000000000000e+04
9.600000000000000000e+01
4.716100000000000000e+04
2.023600000000000000e+04
5.501500000000000000e+04
5.212600000000000000e+04
9.404600000000000000e+04
8.794700000000000000e+04
1.491820000000000000e+05
7.452300000000000000e+04
1.642670000000000000e+05
1.791200000000000000e+04
5.998000000000000000e+03
7.163900000000000000e+04
1.579580000000000000e+05
6.299700000000000000e+04
1.193900000000000000e+05
1.380600000000000000e+04
1.864100000000000000e+04
1.445890000000000000e+05
2.144500000000000000e+04
6.714100000000000000e+04
9.213700000000000000e+04
2.401100000000000000e+04
1.531930000000000000e+05
1.625230000000000000e+05
2.866800000000000000e+04
7.570800000000000000e+04
1.352120000000000000e+05
1.345210000000000000e+05
6.504900000000000000e+04
1.002580000000000000e+05
1.140460000000000000e+05
3.131000000000000000e+04
1.272560000000000000e+05
1.113870000000000000e+05
5.191000000000000000e+04
1.523620000000000000e+05
4.183900000000000000e+04
9.850000000000000000e+04
7.037200000000000000e+04
1.952300000000000000e+04
7.646100000000000000e+04
3.368800000000000000e+04
3.637600000000000000e+04
3.406000000000000000e+04
4.610000000000000000e+04
7.220700000000000000e+04
1.152620000000000000e+05
8.835700000000000000e+04
1.332450000000000000e+05
5.852700000000000000e+04
1.487070000000000000e+05
1.151590000000000000e+05
5.607900000000000000e+04
8.482900000000000000e+04
1.564490000000000000e+05
5.787600000000000000e+04
1.244930000000000000e+05
3.533500000000000000e+04
1.692100000000000000e+04
