2.140000000000000000e+02
2.760000000000000000e+02
1.374000000000000000e+03
1.843000000000000000e+03
7.690000000000000000e+02
2.449000000000000000e+03
1.535000000000000000e+03
1.435000000000000000e+03
1.391000000000000000e+03
5.720000000000000000e+02
6.590000000000000000e+02
2.016000000000000000e+03
1.930000000000000000e+03
6.200000000000000000e+01
2.089000000000000000e+03
2.047000000000000000e+03
4.750000000000000000e+02
1.137000000000000000e+03
1.923000000000000000e+03
9.750000000000000000e+02
1.069000000000000000e+03
2.193000000000000000e+03
1.672000000000000000e+03
1.220000000000000000e+03
1.926000000000000000e+03
1.658000000000000000e+03
2.171000000000000000e+03
1.847000000000000000e+03
3.240000000000000000e+02
1.285000000000000000e+03
2.700000000000000000e+02
8.510000000000000000e+02
3.200000000000000000e+01
2.057000000000000000e+03
2.280000000000000000e+03
1.850000000000000000e+03
2.639000000000000000e+03
9.170000000000000000e+02
1.352000000000000000e+03
3.540000000000000000e+02
1.922000000000000000e+03
1.652000000000000000e+03
1.000000000000000000e+02
6.800000000000000000e+02
2.074000000000000000e+03
1.125000000000000000e+03
1.526000000000000000e+03
1.120000000000000000e+03
2.219000000000000000e+03
6.100000000000000000e+01
4.970000000000000000e+02
2.179000000000000000e+03
8.520000000000000000e+02
1.910000000000000000e+03
1.218000000000000000e+03
2.544000000000000000e+03
3.000000000000000000e+00
2.183000000000000000e+03
1.490000000000000000e+02
1.293000000000000000e+03
1.517000000000000000e+03
5.310000000000000000e+02
2.453000000000000000e+03
1.058000000000000000e+03
2.052000000000000000e+03
2.575000000000000000e+03
2.511000000000000000e+03
2.424000000000000000e+03
2.070000000000000000e+03
2.069000000000000000e+03
2.073000000000000000e+03
6.670000000000000000e+02
1.527000000000000000e+03
4.960000000000000000e+02
4.050000000000000000e+02
2.470000000000000000e+03
1.083000000000000000e+03
2.133000000000000000e+03
2.364000000000000000e+03
1.188000000000000000e+03
6.360000000000000000e+02
1.259000000000000000e+03
1.078000000000000000e+03
1.713000000000000000e+03
1.332000000000000000e+03
1.640000000000000000e+02
2.267000000000000000e+03
2.469000000000000000e+03
1.696000000000000000e+03
1.521000000000000000e+03
2.202000000000000000e+03
4.850000000000000000e+02
5.300000000000000000e+02
2.277000000000000000e+03
7.770000000000000000e+02
1.588000000000000000e+03
1.232000000000000000e+03
5.860000000000000000e+02
2.295000000000000000e+03
2.201000000000000000e+03
2.499000000000000000e+03
2.360000000000000000e+03
1.008000000000000000e+03
7.170000000000000000e+02
7.530000000000000000e+02
7.510000000000000000e+02
4.460000000000000000e+02
5.270000000000000000e+02
1.047000000000000000e+03
2.333000000000000000e+03
2.049000000000000000e+03
8.880000000000000000e+02
2.136000000000000000e+03
2.419000000000000000e+03
9.890000000000000000e+02
1.279000000000000000e+03
1.395000000000000000e+03
1.275000000000000000e+03
1.460000000000000000e+02
9.800000000000000000e+01
8.580000000000000000e+02
8.090000000000000000e+02
6.240000000000000000e+02
6.060000000000000000e+02
1.524000000000000000e+03
1.341000000000000000e+03
2.311000000000000000e+03
1.680000000000000000e+03
2.332000000000000000e+03
8.150000000000000000e+02
6.930000000000000000e+02
2.194000000000000000e+03
2.180000000000000000e+03
8.730000000000000000e+02
7.710000000000000000e+02
4.780000000000000000e+02
2.021000000000000000e+03
2.110000000000000000e+02
7.110000000000000000e+02
4.670000000000000000e+02
2.356000000000000000e+03
2.203000000000000000e+03
1.801000000000000000e+03
4.610000000000000000e+02
5.440000000000000000e+02
3.470000000000000000e+02
1.580000000000000000e+03
1.172000000000000000e+03
1.117000000000000000e+03
2.197000000000000000e+03
2.233000000000000000e+03
4.080000000000000000e+02
2.053000000000000000e+03
1.669000000000000000e+03
1.006000000000000000e+03
7.940000000000000000e+02
2.246000000000000000e+03
9.650000000000000000e+02
2.580000000000000000e+03
5.910000000000000000e+02
7.630000000000000000e+02
2.502000000000000000e+03
9.010000000000000000e+02
3.150000000000000000e+02
1.410000000000000000e+03
2.576000000000000000e+03
7.400000000000000000e+01
1.892000000000000000e+03
1.388000000000000000e+03
8.000000000000000000e+01
3.230000000000000000e+02
2.570000000000000000e+02
2.472000000000000000e+03
2.186000000000000000e+03
1.693000000000000000e+03
5.200000000000000000e+01
1.228000000000000000e+03
1.536000000000000000e+03
4.340000000000000000e+02
9.400000000000000000e+01
2.418000000000000000e+03
7.180000000000000000e+02
2.291000000000000000e+03
1.397000000000000000e+03
2.920000000000000000e+02
2.390000000000000000e+02
2.056000000000000000e+03
1.203000000000000000e+03
2.196000000000000000e+03
6.500000000000000000e+01
2.268000000000000000e+03
1.655000000000000000e+03
2.025000000000000000e+03
1.682000000000000000e+03
6.510000000000000000e+02
5.250000000000000000e+02
1.912000000000000000e+03
2.155000000000000000e+03
2.182000000000000000e+03
7.360000000000000000e+02
1.224000000000000000e+03
8.800000000000000000e+01
1.013000000000000000e+03
7.330000000000000000e+02
